Province,Day,Date,New_cases,Curr_pos_cases,Deaths,Tot_deaths,Lethality_rate,Cumul_rates
Gorizia,1,24/02/2020,0,0,0,0,0,0
Gorizia,2,25/02/2020,0,0,0,0,0,0
Gorizia,3,26/02/2020,0,0,0,0,0,0
Gorizia,4,27/02/2020,0,0,0,0,0,0
Gorizia,5,28/02/2020,0,0,0,0,0,0
Gorizia,6,29/02/2020,0,0,0,0,0,0
Gorizia,7,01/03/2020,0,0,0,0,0,0
Gorizia,8,02/03/2020,0,0,0,0,0,0
Gorizia,9,03/03/2020,3,3,0,0,0,2.15
Gorizia,10,04/03/2020,2,5,0,0,0,3.59
Gorizia,11,05/03/2020,0,5,0,0,0,3.59
Gorizia,12,06/03/2020,1,6,0,0,0,4.3
Gorizia,13,07/03/2020,0,6,0,0,0,4.3
Gorizia,14,08/03/2020,0,6,0,0,0,4.3
Gorizia,15,09/03/2020,0,6,0,0,0,4.3
Gorizia,16,10/03/2020,4,10,0,0,0,7.17
Gorizia,17,11/03/2020,2,12,0,0,0,8.61
Gorizia,18,12/03/2020,0,12,0,0,0,8.61
Gorizia,19,13/03/2020,8,20,0,0,0,14.35
Gorizia,20,14/03/2020,0,20,0,0,0,14.35
Gorizia,21,15/03/2020,11,31,0,0,0,22.24
Gorizia,22,16/03/2020,-15,16,0,0,0,11.48
Gorizia,23,17/03/2020,2,18,0,0,0,12.91
Gorizia,24,18/03/2020,7,25,0,0,0,17.93
Gorizia,25,19/03/2020,3,28,0,0,0,20.09
Gorizia,26,20/03/2020,2,30,0,0,0,21.52
Gorizia,27,21/03/2020,8,38,0,0,0,27.26
Gorizia,28,22/03/2020,6,44,0,0,0,31.56
Gorizia,29,23/03/2020,11,55,0,0,0,39.45
Gorizia,30,24/03/2020,2,57,0,0,0,40.89
Gorizia,31,25/03/2020,8,65,0,0,0,46.63
Gorizia,32,26/03/2020,10,75,0,0,0,53.8
Gorizia,33,27/03/2020,4,79,0,0,0,56.67
Gorizia,34,28/03/2020,6,85,0,0,0,60.97
Gorizia,35,29/03/2020,6,91,0,0,0,65.28
Gorizia,36,30/03/2020,0,91,0,0,0,65.28
Gorizia,37,31/03/2020,7,98,0,0,0,70.3
Gorizia,38,01/04/2020,8,106,0,0,0,76.04
Gorizia,39,02/04/2020,4,110,0,0,0,78.91
Gorizia,40,03/04/2020,1,111,0,0,0,79.63
Gorizia,41,04/04/2020,4,115,0,0,0,82.49
Gorizia,42,05/04/2020,1,116,0,0,0,83.21
Gorizia,43,06/04/2020,3,119,1,1,0.01,85.36
Gorizia,44,07/04/2020,0,119,0,1,0.01,85.36
Gorizia,45,08/04/2020,2,121,0,1,0.01,86.8
Gorizia,46,09/04/2020,-1,120,0,1,0.01,86.08
Gorizia,47,10/04/2020,1,121,0,1,0.01,86.8
Gorizia,48,11/04/2020,0,121,0,1,0.01,86.8
Gorizia,49,12/04/2020,2,123,0,1,0.01,88.23
Gorizia,50,13/04/2020,4,127,0,1,0.01,91.1
Gorizia,51,14/04/2020,2,129,0,1,0.01,92.54
Gorizia,52,15/04/2020,1,130,0,1,0.01,93.25
Gorizia,53,16/04/2020,2,132,0,1,0.01,94.69
Gorizia,54,17/04/2020,0,132,0,1,0.01,94.69
Gorizia,55,18/04/2020,-1,131,1,2,0.01,93.97
Gorizia,56,19/04/2020,1,132,0,2,0.01,94.69
Gorizia,57,20/04/2020,6,138,0,2,0.01,98.99
Gorizia,58,21/04/2020,5,143,0,2,0.01,102.58
Gorizia,59,22/04/2020,6,149,0,2,0.01,106.88
Gorizia,60,23/04/2020,15,164,0,2,0.01,117.64
Gorizia,61,24/04/2020,4,168,0,2,0.01,120.51
Gorizia,62,25/04/2020,6,174,0,2,0.01,124.82
Gorizia,63,26/04/2020,1,175,0,2,0.01,125.54
Gorizia,64,27/04/2020,4,179,0,2,0.01,128.4
Gorizia,65,28/04/2020,2,181,0,2,0.01,129.84
Gorizia,66,29/04/2020,1,182,0,2,0.01,130.56
Gorizia,67,30/04/2020,4,186,0,2,0.01,133.43
Gorizia,68,01/05/2020,1,187,0,2,0.01,134.14
Gorizia,69,02/05/2020,2,189,0,2,0.01,135.58
Gorizia,70,03/05/2020,0,189,0,2,0.01,135.58
Gorizia,71,04/05/2020,0,189,0,2,0.01,135.58
Gorizia,72,05/05/2020,0,189,0,2,0.01,135.58
Gorizia,73,06/05/2020,1,190,0,2,0.01,136.3
Gorizia,74,07/05/2020,2,192,0,2,0.01,137.73
Gorizia,75,08/05/2020,2,194,0,2,0.01,139.16
Gorizia,76,09/05/2020,1,195,0,2,0.01,139.88
Gorizia,77,10/05/2020,0,195,0,2,0.01,139.88
Gorizia,78,11/05/2020,0,195,0,2,0.01,139.88
Gorizia,79,12/05/2020,1,196,0,2,0.01,140.6
Gorizia,80,13/05/2020,1,197,1,3,0.01,141.32
Gorizia,81,14/05/2020,1,198,0,3,0.01,142.03
Gorizia,82,15/05/2020,1,199,0,3,0.01,142.75
Gorizia,83,16/05/2020,1,200,0,3,0.01,143.47
Gorizia,84,17/05/2020,3,203,0,3,0.01,145.62
Gorizia,85,18/05/2020,1,204,0,3,0.01,146.34
Gorizia,86,19/05/2020,1,205,0,3,0.01,147.06
Gorizia,87,20/05/2020,0,205,0,3,0.01,147.06
Gorizia,88,21/05/2020,0,205,0,3,0.01,147.06
Gorizia,89,22/05/2020,4,209,0,3,0.01,149.93
Gorizia,90,23/05/2020,1,210,0,3,0.01,150.64
Gorizia,91,24/05/2020,0,210,0,3,0.01,150.64
Gorizia,92,25/05/2020,0,210,0,3,0.01,150.64
Gorizia,93,26/05/2020,0,210,0,3,0.01,150.64
Gorizia,94,27/05/2020,2,212,0,3,0.01,152.08
Gorizia,95,28/05/2020,1,213,0,3,0.01,152.79
Gorizia,96,29/05/2020,1,214,0,3,0.01,153.51
Gorizia,97,30/05/2020,0,214,0,3,0.01,153.51
Gorizia,98,31/05/2020,0,214,0,3,0.01,153.51
Gorizia,99,01/06/2020,0,214,0,3,0.01,153.51
Gorizia,100,02/06/2020,0,214,0,3,0.01,153.51
Gorizia,101,03/06/2020,0,214,0,3,0.01,153.51
Gorizia,102,04/06/2020,0,214,0,3,0.01,153.51
Gorizia,103,05/06/2020,0,214,0,3,0.01,153.51
Gorizia,104,06/06/2020,0,214,0,3,0.01,153.51
Gorizia,105,07/06/2020,0,214,0,3,0.01,153.51
Gorizia,106,08/06/2020,0,214,0,3,0.01,153.51
Gorizia,107,09/06/2020,0,214,0,3,0.01,153.51
Gorizia,108,10/06/2020,0,214,0,3,0.01,153.51
Gorizia,109,11/06/2020,1,215,0,3,0.01,154.23
Gorizia,110,12/06/2020,0,215,0,3,0.01,154.23
Gorizia,111,13/06/2020,0,215,0,3,0.01,154.23
Gorizia,112,14/06/2020,0,215,0,3,0.01,154.23
Gorizia,113,15/06/2020,0,215,0,3,0.01,154.23
Gorizia,114,16/06/2020,0,215,0,3,0.01,154.23
Gorizia,115,17/06/2020,1,216,0,3,0.01,154.95
Gorizia,116,18/06/2020,0,216,0,3,0.01,154.95
Gorizia,117,19/06/2020,0,216,0,3,0.01,154.95
Gorizia,118,20/06/2020,0,216,1,4,0.02,154.95
Gorizia,119,21/06/2020,0,216,0,4,0.02,154.95
Gorizia,120,22/06/2020,0,216,0,4,0.02,154.95
Gorizia,121,23/06/2020,0,216,0,4,0.02,154.95
Gorizia,122,24/06/2020,0,216,0,4,0.02,154.95
Gorizia,123,25/06/2020,0,216,0,4,0.02,154.95
Gorizia,124,26/06/2020,0,216,0,4,0.02,154.95
Gorizia,125,27/06/2020,0,216,0,4,0.02,154.95
Gorizia,126,28/06/2020,0,216,0,4,0.02,154.95
Gorizia,127,29/06/2020,0,216,0,4,0.02,154.95
Gorizia,128,30/06/2020,0,216,0,4,0.02,154.95
Gorizia,129,01/07/2020,1,217,0,4,0.02,155.66
Gorizia,130,02/07/2020,1,218,0,4,0.02,156.38
Gorizia,131,03/07/2020,0,218,0,4,0.02,156.38
Gorizia,132,04/07/2020,0,218,0,4,0.02,156.38
Gorizia,133,05/07/2020,0,218,0,4,0.02,156.38
Gorizia,134,06/07/2020,0,218,0,4,0.02,156.38
Gorizia,135,07/07/2020,0,218,0,4,0.02,156.38
Gorizia,136,08/07/2020,0,218,0,4,0.02,156.38
Gorizia,137,09/07/2020,0,218,0,4,0.02,156.38
Gorizia,138,10/07/2020,0,218,0,4,0.02,156.38
Gorizia,139,11/07/2020,1,219,0,4,0.02,157.1
Gorizia,140,12/07/2020,0,219,0,4,0.02,157.1
Gorizia,141,13/07/2020,0,219,0,4,0.02,157.1
Gorizia,142,14/07/2020,0,219,0,4,0.02,157.1
Gorizia,143,15/07/2020,0,219,0,4,0.02,157.1
Gorizia,144,16/07/2020,1,220,0,4,0.02,157.82
Gorizia,145,17/07/2020,0,220,0,4,0.02,157.82
Gorizia,146,18/07/2020,0,220,0,4,0.02,157.82
Gorizia,147,19/07/2020,1,221,0,4,0.02,158.53
Gorizia,148,20/07/2020,0,221,0,4,0.02,158.53
Gorizia,149,21/07/2020,0,221,0,4,0.02,158.53
Gorizia,150,22/07/2020,0,221,0,4,0.02,158.53
Gorizia,151,23/07/2020,0,221,0,4,0.02,158.53
Gorizia,152,24/07/2020,1,222,0,4,0.02,159.25
Gorizia,153,25/07/2020,3,225,0,4,0.02,161.4
Gorizia,154,26/07/2020,0,225,0,4,0.02,161.4
Gorizia,155,27/07/2020,0,225,0,4,0.02,161.4
Gorizia,156,28/07/2020,0,225,0,4,0.02,161.4
Gorizia,157,29/07/2020,0,225,0,4,0.02,161.4
Gorizia,158,30/07/2020,0,225,0,4,0.02,161.4
Gorizia,159,31/07/2020,0,225,0,4,0.02,161.4
Gorizia,160,01/08/2020,0,225,0,4,0.02,161.4
Gorizia,161,02/08/2020,0,225,0,4,0.02,161.4
Gorizia,162,03/08/2020,0,225,0,4,0.02,161.4
Gorizia,163,04/08/2020,0,225,0,4,0.02,161.4
Gorizia,164,05/08/2020,1,226,0,4,0.02,162.12
Gorizia,165,06/08/2020,0,226,0,4,0.02,162.12
Gorizia,166,07/08/2020,0,226,0,4,0.02,162.12
Gorizia,167,08/08/2020,0,226,0,4,0.02,162.12
Gorizia,168,09/08/2020,0,226,0,4,0.02,162.12
Gorizia,169,10/08/2020,0,226,0,4,0.02,162.12
Gorizia,170,11/08/2020,1,227,0,4,0.02,162.84
Gorizia,171,12/08/2020,0,227,0,4,0.02,162.84
Gorizia,172,13/08/2020,3,230,0,4,0.02,164.99
Gorizia,173,14/08/2020,1,231,0,4,0.02,165.71
Gorizia,174,15/08/2020,1,232,0,4,0.02,166.42
Gorizia,175,16/08/2020,0,232,0,4,0.02,166.42
Gorizia,176,17/08/2020,1,233,0,4,0.02,167.14
Gorizia,177,18/08/2020,2,235,0,4,0.02,168.58
Gorizia,178,19/08/2020,2,237,0,4,0.02,170.01
Gorizia,179,20/08/2020,0,237,0,4,0.02,170.01
Gorizia,180,21/08/2020,0,237,0,4,0.02,170.01
Gorizia,181,22/08/2020,3,240,0,4,0.02,172.16
Gorizia,182,23/08/2020,2,242,0,4,0.02,173.6
Gorizia,183,24/08/2020,0,242,0,4,0.02,173.6
Gorizia,184,25/08/2020,0,242,0,4,0.02,173.6
Gorizia,185,26/08/2020,9,251,0,4,0.02,180.05
Gorizia,186,27/08/2020,3,254,0,4,0.02,182.21
Gorizia,187,28/08/2020,2,256,0,4,0.02,183.64
Gorizia,188,29/08/2020,1,257,0,4,0.02,184.36
Gorizia,189,30/08/2020,3,260,0,4,0.01,186.51
Gorizia,190,31/08/2020,1,261,0,4,0.01,187.23
Gorizia,191,01/09/2020,6,267,0,4,0.01,191.53
Gorizia,192,02/09/2020,3,270,1,5,0.02,193.68
Gorizia,193,03/09/2020,0,270,0,5,0.02,193.68
Gorizia,194,04/09/2020,4,274,0,5,0.02,196.55
Gorizia,195,05/09/2020,20,294,0,5,0.02,210.9
Gorizia,196,06/09/2020,3,297,0,5,0.02,213.05
Gorizia,197,07/09/2020,3,300,0,5,0.02,215.2
Gorizia,198,08/09/2020,0,300,0,5,0.02,215.2
Gorizia,199,09/09/2020,15,315,0,5,0.02,225.96
Gorizia,200,10/09/2020,8,323,0,5,0.01,231.7
Gorizia,201,11/09/2020,3,326,0,5,0.01,233.85
Gorizia,202,12/09/2020,5,331,0,5,0.01,237.44
Gorizia,203,13/09/2020,11,342,0,5,0.01,245.33
Gorizia,204,14/09/2020,0,342,0,5,0.01,245.33
Gorizia,205,15/09/2020,2,344,0,5,0.01,246.77
Gorizia,206,16/09/2020,8,352,0,5,0.01,252.51
Gorizia,207,17/09/2020,9,361,0,5,0.01,258.96
Gorizia,208,18/09/2020,10,371,0,5,0.01,266.13
Gorizia,209,19/09/2020,10,381,0,5,0.01,273.31
Gorizia,210,20/09/2020,2,383,0,5,0.01,274.74
Gorizia,211,21/09/2020,1,384,0,5,0.01,275.46
Gorizia,212,22/09/2020,1,385,0,5,0.01,276.18
Gorizia,213,23/09/2020,12,397,0,5,0.01,284.79
Gorizia,214,24/09/2020,6,403,0,5,0.01,289.09
Gorizia,215,25/09/2020,10,413,0,5,0.01,296.26
Gorizia,216,26/09/2020,10,423,0,5,0.01,303.44
Gorizia,217,27/09/2020,1,424,0,5,0.01,304.15
Gorizia,218,28/09/2020,0,424,0,5,0.01,304.15
Gorizia,219,29/09/2020,3,427,0,5,0.01,306.31
Gorizia,220,30/09/2020,5,432,0,5,0.01,309.89
Gorizia,221,01/10/2020,22,454,1,6,0.01,325.67
Gorizia,222,02/10/2020,16,470,0,6,0.01,337.15
Gorizia,223,03/10/2020,3,473,0,6,0.01,339.3
Gorizia,224,04/10/2020,15,488,0,6,0.01,350.06
Gorizia,225,05/10/2020,3,491,0,6,0.01,352.22
Gorizia,226,06/10/2020,0,491,0,6,0.01,352.22
Gorizia,227,07/10/2020,19,510,0,6,0.01,365.85
Gorizia,228,08/10/2020,14,524,0,6,0.01,375.89
Gorizia,229,09/10/2020,9,533,0,6,0.01,382.34
Gorizia,230,10/10/2020,22,555,0,6,0.01,398.13
Gorizia,231,11/10/2020,3,558,0,6,0.01,400.28
Gorizia,232,12/10/2020,15,573,0,6,0.01,411.04
Gorizia,233,13/10/2020,14,587,1,7,0.01,421.08
Gorizia,234,14/10/2020,22,609,0,7,0.01,436.86
Gorizia,235,15/10/2020,12,621,0,7,0.01,445.47
Gorizia,236,16/10/2020,31,652,0,7,0.01,467.71
Gorizia,237,17/10/2020,16,668,0,7,0.01,479.19
Gorizia,238,18/10/2020,2,670,0,7,0.01,480.62
Gorizia,239,19/10/2020,9,679,0,7,0.01,487.08
Gorizia,240,20/10/2020,13,692,0,7,0.01,496.4
Gorizia,241,21/10/2020,35,727,0,7,0.01,521.51
Gorizia,242,22/10/2020,24,751,1,8,0.01,538.73
Gorizia,243,23/10/2020,24,775,0,8,0.01,555.94
Gorizia,244,24/10/2020,71,846,1,9,0.01,606.87
Gorizia,245,25/10/2020,2,848,0,9,0.01,608.31
Gorizia,246,26/10/2020,19,867,0,9,0.01,621.94
Gorizia,247,27/10/2020,18,885,0,9,0.01,634.85
Gorizia,248,28/10/2020,41,926,1,10,0.01,664.26
Gorizia,249,29/10/2020,51,977,0,10,0.01,700.85
Gorizia,250,30/10/2020,65,1042,0,10,0.01,747.47
Gorizia,251,31/10/2020,105,1147,0,10,0.01,822.79
Gorizia,252,01/11/2020,26,1173,0,10,0.01,841.45
Gorizia,253,02/11/2020,12,1185,0,10,0.01,850.05
Gorizia,254,03/11/2020,66,1251,0,10,0.01,897.4
Gorizia,255,04/11/2020,47,1298,0,10,0.01,931.11
Gorizia,256,05/11/2020,47,1345,0,10,0.01,964.83
Gorizia,257,06/11/2020,79,1424,0,10,0.01,1021.5
Gorizia,258,07/11/2020,77,1501,0,10,0.01,1076.73
Gorizia,259,08/11/2020,4,1505,0,10,0.01,1079.6
Gorizia,260,09/11/2020,74,1579,1,11,0.01,1132.69
Gorizia,261,10/11/2020,58,1637,0,11,0.01,1174.29
Gorizia,262,11/11/2020,95,1732,0,11,0.01,1242.44
Gorizia,263,12/11/2020,153,1885,0,11,0.01,1352.19
Gorizia,264,13/11/2020,122,2007,0,11,0,1439.71
Gorizia,265,14/11/2020,89,2096,0,11,0,1503.55
Gorizia,266,15/11/2020,81,2177,0,11,0,1561.66
Gorizia,267,16/11/2020,45,2222,6,17,0.01,1593.94
Gorizia,268,17/11/2020,74,2296,0,17,0.01,1647.02
Gorizia,269,18/11/2020,117,2413,0,17,0.01,1730.95
Gorizia,270,19/11/2020,182,2595,0,17,0.01,1861.51
Gorizia,271,20/11/2020,124,2719,0,17,0.01,1950.46
Gorizia,272,21/11/2020,186,2905,0,17,0.01,2083.89
Gorizia,273,22/11/2020,103,3008,0,17,0.01,2157.77
Gorizia,274,23/11/2020,27,3035,4,21,0.01,2177.14
Gorizia,275,24/11/2020,28,3063,4,25,0.01,2197.23
Gorizia,276,25/11/2020,122,3185,0,25,0.01,2284.74
Gorizia,277,26/11/2020,138,3323,0,25,0.01,2383.74
Gorizia,278,27/11/2020,190,3513,2,27,0.01,2520.03
Gorizia,279,28/11/2020,105,3618,7,34,0.01,2595.35
Gorizia,280,29/11/2020,65,3683,2,36,0.01,2641.98
Gorizia,281,30/11/2020,50,3733,1,37,0.01,2677.85
Gorizia,282,01/12/2020,70,3803,2,39,0.01,2728.06
Gorizia,283,02/12/2020,144,3947,5,44,0.01,2831.36
Gorizia,284,03/12/2020,141,4088,4,48,0.01,2932.51
Gorizia,285,04/12/2020,142,4230,4,52,0.01,3034.37
Gorizia,286,05/12/2020,56,4286,2,54,0.01,3074.54
Gorizia,287,06/12/2020,47,4333,0,54,0.01,3108.25
Gorizia,288,07/12/2020,29,4362,0,54,0.01,3129.06
Gorizia,289,08/12/2020,16,4378,4,58,0.01,3140.53
Gorizia,290,09/12/2020,92,4470,3,61,0.01,3206.53
Gorizia,291,10/12/2020,103,4573,4,65,0.01,3280.42
Gorizia,292,11/12/2020,113,4686,2,67,0.01,3361.48
Gorizia,293,12/12/2020,45,4731,0,67,0.01,3393.76
Gorizia,294,13/12/2020,57,4788,4,71,0.01,3434.65
Gorizia,295,14/12/2020,22,4810,2,73,0.01,3450.43
Gorizia,296,15/12/2020,76,4886,3,76,0.02,3504.95
Gorizia,297,16/12/2020,137,5023,4,80,0.02,3603.22
Gorizia,298,17/12/2020,76,5099,7,87,0.02,3657.74
Gorizia,299,18/12/2020,69,5168,2,89,0.02,3707.24
Gorizia,300,19/12/2020,101,5269,0,89,0.02,3779.69
Gorizia,301,20/12/2020,11,5280,0,89,0.02,3787.58
Gorizia,302,21/12/2020,43,5323,1,90,0.02,3818.43
Gorizia,303,22/12/2020,43,5366,3,93,0.02,3849.27
Gorizia,304,23/12/2020,53,5419,2,95,0.02,3887.29
Gorizia,305,24/12/2020,212,5631,0,95,0.02,4039.37
Gorizia,306,25/12/2020,15,5646,3,98,0.02,4050.13
Gorizia,307,26/12/2020,66,5712,0,98,0.02,4097.47
Gorizia,308,27/12/2020,7,5719,0,98,0.02,4102.49
Gorizia,309,28/12/2020,25,5744,2,100,0.02,4120.43
Gorizia,310,29/12/2020,60,5804,0,100,0.02,4163.47
Gorizia,311,30/12/2020,121,5925,2,102,0.02,4250.27
Gorizia,312,31/12/2020,240,6165,0,102,0.02,4422.43
Gorizia,313,01/01/2021,24,6189,0,102,0.02,4439.65
Gorizia,314,02/01/2021,117,6306,0,102,0.02,4523.58
Gorizia,315,03/01/2021,28,6334,4,106,0.02,4543.66
Gorizia,316,04/01/2021,27,6361,4,110,0.02,4563.03
Gorizia,317,05/01/2021,85,6446,7,117,0.02,4624
Gorizia,318,06/01/2021,99,6545,2,119,0.02,4695.02
Gorizia,319,07/01/2021,178,6723,4,123,0.02,4822.71
Gorizia,320,08/01/2021,88,6811,4,127,0.02,4885.83
Gorizia,321,09/01/2021,135,6946,1,128,0.02,4982.68
Gorizia,322,10/01/2021,61,7007,1,129,0.02,5026.43
Gorizia,323,11/01/2021,39,7046,4,133,0.02,5054.41
Gorizia,324,12/01/2021,104,7150,1,134,0.02,5129.01
Gorizia,325,13/01/2021,54,7204,1,135,0.02,5167.75
Gorizia,326,14/01/2021,99,7303,2,137,0.02,5238.77
Gorizia,327,15/01/2021,69,7372,2,139,0.02,5288.26
Gorizia,328,16/01/2021,55,7427,4,143,0.02,5327.72
Gorizia,329,17/01/2021,28,7455,1,144,0.02,5347.8
Gorizia,330,18/01/2021,23,7478,0,144,0.02,5364.3
Gorizia,331,19/01/2021,28,7506,3,147,0.02,5384.39
Gorizia,332,20/01/2021,61,7567,0,147,0.02,5428.15
Gorizia,333,21/01/2021,58,7625,1,148,0.02,5469.75
Gorizia,334,22/01/2021,52,7677,2,150,0.02,5507.06
Gorizia,335,23/01/2021,60,7737,1,151,0.02,5550.1
Gorizia,336,24/01/2021,44,7781,0,151,0.02,5581.66
Gorizia,337,25/01/2021,17,7798,1,152,0.02,5593.85
Gorizia,338,26/01/2021,40,7838,0,152,0.02,5622.55
Gorizia,339,27/01/2021,82,7920,1,153,0.02,5681.37
Gorizia,340,28/01/2021,54,7974,1,154,0.02,5720.11
Gorizia,341,29/01/2021,45,8019,2,156,0.02,5752.39
Gorizia,342,30/01/2021,40,8059,3,159,0.02,5781.08
Gorizia,343,31/01/2021,56,8115,0,159,0.02,5821.25
Gorizia,344,01/02/2021,7,8122,1,160,0.02,5826.27
Gorizia,345,02/02/2021,9,8131,1,161,0.02,5832.73
Gorizia,346,03/02/2021,95,8226,3,164,0.02,5900.88
Gorizia,347,04/02/2021,18,8244,3,167,0.02,5913.79
Gorizia,348,05/02/2021,67,8311,1,168,0.02,5961.85
Gorizia,349,06/02/2021,38,8349,0,168,0.02,5989.11
Gorizia,350,07/02/2021,13,8362,1,169,0.02,5998.44
Gorizia,351,08/02/2021,22,8384,0,169,0.02,6014.22
Gorizia,352,09/02/2021,28,8412,1,170,0.02,6034.3
Gorizia,353,10/02/2021,38,8450,0,170,0.02,6061.56
Gorizia,354,11/02/2021,48,8498,1,171,0.02,6096
Gorizia,355,12/02/2021,31,8529,1,172,0.02,6118.23
Gorizia,356,13/02/2021,23,8552,0,172,0.02,6134.73
Gorizia,357,14/02/2021,21,8573,2,174,0.02,6149.8
Gorizia,358,15/02/2021,7,8580,0,174,0.02,6154.82
Gorizia,359,16/02/2021,16,8596,0,174,0.02,6166.29
Gorizia,360,17/02/2021,33,8629,1,175,0.02,6189.97
Gorizia,361,18/02/2021,31,8660,1,176,0.02,6212.2
Gorizia,362,19/02/2021,41,8701,1,177,0.02,6241.62
Gorizia,363,20/02/2021,26,8727,3,180,0.02,6260.27
Gorizia,364,21/02/2021,37,8764,0,180,0.02,6286.81
Gorizia,365,22/02/2021,12,8776,2,182,0.02,6295.42
Gorizia,366,23/02/2021,14,8790,1,183,0.02,6305.46
Gorizia,367,24/02/2021,54,8844,0,183,0.02,6344.2
Gorizia,368,25/02/2021,58,8902,3,186,0.02,6385.8
Gorizia,369,26/02/2021,59,8961,1,187,0.02,6428.13
Gorizia,370,27/02/2021,49,9010,0,187,0.02,6463.28
Gorizia,371,28/02/2021,53,9063,0,187,0.02,6501.29
Gorizia,372,01/03/2021,41,9104,1,188,0.02,6530.71
Gorizia,373,02/03/2021,26,9130,3,191,0.02,6549.36
Gorizia,374,03/03/2021,95,9225,1,192,0.02,6617.5
Gorizia,375,04/03/2021,94,9319,1,193,0.02,6684.94
Gorizia,376,05/03/2021,129,9448,0,193,0.02,6777.47
Gorizia,377,06/03/2021,72,9520,0,193,0.02,6829.12
Gorizia,378,07/03/2021,69,9589,0,193,0.02,6878.62
Gorizia,379,08/03/2021,62,9651,0,193,0.02,6923.09
Gorizia,380,09/03/2021,78,9729,0,193,0.02,6979.05
Gorizia,381,10/03/2021,110,9839,0,193,0.02,7057.95
Gorizia,382,11/03/2021,147,9986,0,193,0.02,7163.4
Gorizia,383,12/03/2021,152,10138,0,193,0.02,7272.44
Gorizia,384,13/03/2021,115,10253,0,193,0.02,7354.93
Gorizia,385,14/03/2021,94,10347,0,193,0.02,7422.37
Gorizia,386,15/03/2021,89,10436,0,193,0.02,7486.21
Gorizia,387,16/03/2021,22,10458,0,193,0.02,7501.99
Gorizia,388,17/03/2021,133,10591,0,193,0.02,7597.4
Gorizia,389,18/03/2021,143,10734,0,193,0.02,7699.98
Gorizia,390,19/03/2021,131,10865,0,193,0.02,7793.95
Gorizia,391,20/03/2021,117,10982,0,193,0.02,7877.88
Gorizia,392,21/03/2021,54,11036,0,193,0.02,7916.62
Gorizia,393,22/03/2021,76,11112,0,193,0.02,7971.13
Gorizia,394,23/03/2021,41,11153,0,193,0.02,8000.55
Gorizia,395,24/03/2021,127,11280,0,193,0.02,8091.65
Gorizia,396,25/03/2021,117,11397,0,193,0.02,8175.58
Gorizia,397,26/03/2021,59,11456,0,193,0.02,8217.9
Gorizia,398,27/03/2021,72,11528,0,193,0.02,8269.55
Gorizia,399,28/03/2021,79,11607,0,193,0.02,8326.22
Gorizia,400,29/03/2021,64,11671,0,193,0.02,8372.13
Gorizia,401,30/03/2021,37,11708,0,193,0.02,8398.67
Gorizia,402,31/03/2021,74,11782,0,193,0.02,8451.75
Gorizia,403,01/04/2021,109,11891,0,193,0.02,8529.95
Gorizia,404,02/04/2021,44,11935,0,193,0.02,8561.51
Gorizia,405,03/04/2021,85,12020,0,193,0.02,8622.48
Gorizia,406,04/04/2021,46,12066,51,244,0.02,8655.48
Gorizia,407,05/04/2021,24,12090,3,247,0.02,8672.7
Gorizia,408,06/04/2021,9,12099,1,248,0.02,8679.15
Gorizia,409,07/04/2021,19,12118,4,252,0.02,8692.78
Gorizia,410,08/04/2021,72,12190,3,255,0.02,8744.43
Gorizia,411,09/04/2021,42,12232,0,255,0.02,8774.56
Gorizia,412,10/04/2021,40,12272,3,258,0.02,8803.25
Gorizia,413,11/04/2021,50,12322,0,258,0.02,8839.12
Gorizia,414,12/04/2021,0,12322,0,258,0.02,8839.12
Gorizia,415,13/04/2021,63,12385,0,258,0.02,8884.31
Gorizia,416,14/04/2021,36,12421,2,260,0.02,8910.14
Gorizia,417,15/04/2021,30,12451,0,260,0.02,8931.66
Gorizia,418,16/04/2021,40,12491,4,264,0.02,8960.35
Gorizia,419,17/04/2021,12,12503,1,265,0.02,8968.96
Gorizia,420,18/04/2021,27,12530,7,272,0.02,8988.33
Gorizia,421,19/04/2021,0,12530,0,272,0.02,8988.33
Gorizia,422,20/04/2021,69,12599,0,272,0.02,9037.83
Gorizia,423,21/04/2021,38,12637,1,273,0.02,9065.08
Gorizia,424,22/04/2021,15,12652,1,274,0.02,9075.84
Gorizia,425,23/04/2021,24,12676,4,278,0.02,9093.06
Gorizia,426,24/04/2021,19,12695,0,278,0.02,9106.69
Gorizia,427,25/04/2021,7,12702,3,281,0.02,9111.71
Gorizia,428,26/04/2021,3,12705,0,281,0.02,9113.86
Gorizia,429,27/04/2021,15,12720,0,281,0.02,9124.62
Gorizia,430,28/04/2021,15,12735,3,284,0.02,9135.38
Gorizia,431,29/04/2021,16,12751,0,284,0.02,9146.86
Gorizia,432,30/04/2021,22,12773,1,285,0.02,9162.64
Gorizia,433,01/05/2021,16,12789,0,285,0.02,9174.12
Gorizia,434,02/05/2021,0,12789,0,285,0.02,9174.12
Gorizia,435,03/05/2021,27,12816,0,285,0.02,9193.49
Gorizia,436,04/05/2021,7,12823,0,285,0.02,9198.51
Gorizia,437,05/05/2021,30,12853,2,287,0.02,9220.03
Gorizia,438,06/05/2021,1,12854,0,287,0.02,9220.75
Gorizia,439,07/05/2021,12,12866,0,287,0.02,9229.36
Gorizia,440,08/05/2021,7,12873,1,288,0.02,9234.38
Gorizia,441,09/05/2021,9,12882,0,288,0.02,9240.83
Gorizia,442,10/05/2021,14,12896,1,289,0.02,9250.88
Gorizia,443,11/05/2021,2,12898,1,290,0.02,9252.31
Gorizia,444,12/05/2021,16,12914,1,291,0.02,9263.79
Gorizia,445,13/05/2021,15,12929,0,291,0.02,9274.55
Gorizia,446,14/05/2021,2,12931,0,291,0.02,9275.98
Gorizia,447,15/05/2021,11,12942,0,291,0.02,9283.87
Gorizia,448,16/05/2021,1,12943,0,291,0.02,9284.59
Gorizia,449,17/05/2021,0,12943,0,291,0.02,9284.59
Gorizia,450,18/05/2021,9,12952,0,291,0.02,9291.05
Gorizia,451,19/05/2021,20,12972,0,291,0.02,9305.4
Gorizia,452,20/05/2021,1,12973,0,291,0.02,9306.11
Gorizia,453,21/05/2021,5,12978,0,291,0.02,9309.7
Gorizia,454,22/05/2021,2,12980,0,291,0.02,9311.13
Gorizia,455,23/05/2021,0,12980,0,291,0.02,9311.13
Gorizia,456,24/05/2021,0,12980,0,291,0.02,9311.13
Gorizia,457,25/05/2021,6,12986,0,291,0.02,9315.44
Gorizia,458,26/05/2021,3,12989,0,291,0.02,9317.59
Gorizia,459,27/05/2021,3,12992,1,292,0.02,9319.74
Gorizia,460,28/05/2021,0,12992,0,292,0.02,9319.74
Gorizia,461,29/05/2021,28,13020,0,292,0.02,9339.83
Gorizia,462,30/05/2021,4,13024,0,292,0.02,9342.7
Gorizia,463,31/05/2021,1,13025,0,292,0.02,9343.41
Gorizia,464,01/06/2021,2,13027,0,292,0.02,9344.85
Gorizia,465,02/06/2021,1,13028,0,292,0.02,9345.57
Gorizia,466,03/06/2021,0,13028,0,292,0.02,9345.57
Gorizia,467,04/06/2021,1,13029,1,293,0.02,9346.28
Gorizia,468,05/06/2021,39,13068,0,293,0.02,9374.26
Gorizia,469,06/06/2021,0,13068,0,293,0.02,9374.26
Gorizia,470,07/06/2021,0,13068,0,293,0.02,9374.26
Gorizia,471,08/06/2021,4,13072,0,293,0.02,9377.13
Gorizia,472,09/06/2021,7,13079,0,293,0.02,9382.15
Gorizia,473,10/06/2021,1,13080,0,293,0.02,9382.87
Gorizia,474,11/06/2021,2,13082,0,293,0.02,9384.3
Gorizia,475,12/06/2021,8,13090,0,293,0.02,9390.04
Gorizia,476,13/06/2021,0,13090,0,293,0.02,9390.04
Gorizia,477,14/06/2021,0,13090,0,293,0.02,9390.04
Gorizia,478,15/06/2021,2,13092,0,293,0.02,9391.48
Gorizia,479,16/06/2021,0,13092,0,293,0.02,9391.48
Gorizia,480,17/06/2021,2,13094,0,293,0.02,9392.91
Gorizia,481,18/06/2021,0,13094,1,294,0.02,9392.91
Gorizia,482,19/06/2021,0,13094,0,294,0.02,9392.91
Gorizia,483,20/06/2021,0,13094,0,294,0.02,9392.91
Gorizia,484,21/06/2021,0,13094,0,294,0.02,9392.91
Gorizia,485,22/06/2021,0,13094,0,294,0.02,9392.91
Gorizia,486,23/06/2021,0,13094,0,294,0.02,9392.91
Gorizia,487,24/06/2021,-55,13039,0,294,0.02,9353.46
Gorizia,488,25/06/2021,2,13041,0,294,0.02,9354.89
Gorizia,489,26/06/2021,0,13041,0,294,0.02,9354.89
Gorizia,490,27/06/2021,1,13042,0,294,0.02,9355.61
Gorizia,491,28/06/2021,0,13042,0,294,0.02,9355.61
Gorizia,492,29/06/2021,1,13043,0,294,0.02,9356.33
Gorizia,493,30/06/2021,3,13046,0,294,0.02,9358.48
Gorizia,494,01/07/2021,0,13046,0,294,0.02,9358.48
Gorizia,495,02/07/2021,3,13049,0,294,0.02,9360.63
Gorizia,496,03/07/2021,0,13049,0,294,0.02,9360.63
Gorizia,497,04/07/2021,0,13049,0,294,0.02,9360.63
Gorizia,498,05/07/2021,0,13049,0,294,0.02,9360.63
Gorizia,499,06/07/2021,0,13049,0,294,0.02,9360.63
Gorizia,500,07/07/2021,1,13050,0,294,0.02,9361.35
Gorizia,501,08/07/2021,1,13051,0,294,0.02,9362.07
Gorizia,502,09/07/2021,4,13055,0,294,0.02,9364.93
Gorizia,503,10/07/2021,1,13056,0,294,0.02,9365.65
Gorizia,504,11/07/2021,3,13059,0,294,0.02,9367.8
Gorizia,505,12/07/2021,0,13059,0,294,0.02,9367.8
Gorizia,506,13/07/2021,3,13062,0,294,0.02,9369.96
Gorizia,507,14/07/2021,9,13071,0,294,0.02,9376.41
Gorizia,508,15/07/2021,0,13071,0,294,0.02,9376.41
Gorizia,509,16/07/2021,2,13073,0,294,0.02,9377.85
Gorizia,510,17/07/2021,4,13077,0,294,0.02,9380.72
Gorizia,511,18/07/2021,1,13078,0,294,0.02,9381.43
Gorizia,512,19/07/2021,0,13078,0,294,0.02,9381.43
Gorizia,513,20/07/2021,0,13078,0,294,0.02,9381.43
Gorizia,514,21/07/2021,6,13084,0,294,0.02,9385.74
Gorizia,515,22/07/2021,7,13091,0,294,0.02,9390.76
Gorizia,516,23/07/2021,6,13097,0,294,0.02,9395.06
Gorizia,517,24/07/2021,8,13105,0,294,0.02,9400.8
Gorizia,518,25/07/2021,8,13113,0,294,0.02,9406.54
Gorizia,519,26/07/2021,0,13113,0,294,0.02,9406.54
Gorizia,520,27/07/2021,5,13118,0,294,0.02,9410.13
Gorizia,521,28/07/2021,4,13122,0,294,0.02,9413
Gorizia,522,29/07/2021,10,13132,0,294,0.02,9420.17
Gorizia,523,30/07/2021,12,13144,0,294,0.02,9428.78
