Province,Day,Date,New_cases,Curr_pos_cases,Deaths,Tot_deaths,Lethality_rate,Cumul_rates
Udine,1,24/02/2020,0,0,0,0,0,0
Udine,2,25/02/2020,0,0,0,0,0,0
Udine,3,26/02/2020,0,0,0,0,0,0
Udine,4,27/02/2020,0,0,0,0,0,0
Udine,5,28/02/2020,0,0,0,0,0,0
Udine,6,29/02/2020,0,0,0,0,0,0
Udine,7,01/03/2020,0,0,0,0,0,0
Udine,8,02/03/2020,0,0,0,0,0,0
Udine,9,03/03/2020,8,8,0,0,0,1.51
Udine,10,04/03/2020,0,8,0,0,0,1.51
Udine,11,05/03/2020,3,11,0,0,0,2.08
Udine,12,06/03/2020,7,18,0,0,0,3.4
Udine,13,07/03/2020,5,23,0,0,0,4.35
Udine,14,08/03/2020,1,24,0,0,0,4.54
Udine,15,09/03/2020,0,24,0,0,0,4.54
Udine,16,10/03/2020,2,26,0,0,0,4.92
Udine,17,11/03/2020,18,44,0,0,0,8.32
Udine,18,12/03/2020,0,44,0,0,0,8.32
Udine,19,13/03/2020,31,75,0,0,0,14.18
Udine,20,14/03/2020,13,88,0,0,0,16.64
Udine,21,15/03/2020,41,129,0,0,0,24.4
Udine,22,16/03/2020,23,152,0,0,0,28.74
Udine,23,17/03/2020,-7,145,0,0,0,27.42
Udine,24,18/03/2020,36,181,0,0,0,34.23
Udine,25,19/03/2020,85,266,0,0,0,50.3
Udine,26,20/03/2020,30,296,0,0,0,55.98
Udine,27,21/03/2020,42,338,0,0,0,63.92
Udine,28,22/03/2020,23,361,0,0,0,68.27
Udine,29,23/03/2020,24,385,0,0,0,72.81
Udine,30,24/03/2020,20,405,0,0,0,76.59
Udine,31,25/03/2020,26,431,0,0,0,81.51
Udine,32,26/03/2020,29,460,0,0,0,86.99
Udine,33,27/03/2020,27,487,0,0,0,92.1
Udine,34,28/03/2020,43,530,0,0,0,100.23
Udine,35,29/03/2020,6,536,0,0,0,101.36
Udine,36,30/03/2020,-12,524,0,0,0,99.09
Udine,37,31/03/2020,12,536,0,0,0,101.36
Udine,38,01/04/2020,40,576,0,0,0,108.93
Udine,39,02/04/2020,65,641,0,0,0,121.22
Udine,40,03/04/2020,40,681,0,0,0,128.78
Udine,41,04/04/2020,73,754,0,0,0,142.59
Udine,42,05/04/2020,32,786,0,0,0,148.64
Udine,43,06/04/2020,7,793,0,0,0,149.96
Udine,44,07/04/2020,20,813,0,0,0,153.75
Udine,45,08/04/2020,17,830,0,0,0,156.96
Udine,46,09/04/2020,9,839,0,0,0,158.66
Udine,47,10/04/2020,6,845,0,0,0,159.8
Udine,48,11/04/2020,20,865,0,0,0,163.58
Udine,49,12/04/2020,8,873,0,0,0,165.09
Udine,50,13/04/2020,11,884,0,0,0,167.17
Udine,51,14/04/2020,6,890,0,0,0,168.31
Udine,52,15/04/2020,1,891,0,0,0,168.5
Udine,53,16/04/2020,4,895,0,0,0,169.25
Udine,54,17/04/2020,2,897,0,0,0,169.63
Udine,55,18/04/2020,9,906,0,0,0,171.33
Udine,56,19/04/2020,4,910,0,0,0,172.09
Udine,57,20/04/2020,5,915,0,0,0,173.04
Udine,58,21/04/2020,6,921,0,0,0,174.17
Udine,59,22/04/2020,8,929,0,0,0,175.68
Udine,60,23/04/2020,2,931,0,0,0,176.06
Udine,61,24/04/2020,4,935,0,0,0,176.82
Udine,62,25/04/2020,2,937,0,0,0,177.2
Udine,63,26/04/2020,1,938,0,0,0,177.39
Udine,64,27/04/2020,6,944,0,0,0,178.52
Udine,65,28/04/2020,5,949,0,0,0,179.47
Udine,66,29/04/2020,2,951,0,0,0,179.84
Udine,67,30/04/2020,0,951,0,0,0,179.84
Udine,68,01/05/2020,2,953,0,0,0,180.22
Udine,69,02/05/2020,1,954,0,0,0,180.41
Udine,70,03/05/2020,3,957,0,0,0,180.98
Udine,71,04/05/2020,0,957,0,0,0,180.98
Udine,72,05/05/2020,1,958,0,0,0,181.17
Udine,73,06/05/2020,1,959,0,0,0,181.36
Udine,74,07/05/2020,8,967,0,0,0,182.87
Udine,75,08/05/2020,0,967,0,0,0,182.87
Udine,76,09/05/2020,1,968,0,0,0,183.06
Udine,77,10/05/2020,0,968,0,0,0,183.06
Udine,78,11/05/2020,2,970,0,0,0,183.44
Udine,79,12/05/2020,0,970,0,0,0,183.44
Udine,80,13/05/2020,1,971,0,0,0,183.63
Udine,81,14/05/2020,1,972,0,0,0,183.82
Udine,82,15/05/2020,1,973,0,0,0,184
Udine,83,16/05/2020,0,973,0,0,0,184
Udine,84,17/05/2020,0,973,0,0,0,184
Udine,85,18/05/2020,0,973,0,0,0,184
Udine,86,19/05/2020,0,973,0,0,0,184
Udine,87,20/05/2020,1,974,0,0,0,184.19
Udine,88,21/05/2020,1,975,0,0,0,184.38
Udine,89,22/05/2020,4,979,0,0,0,185.14
Udine,90,23/05/2020,0,979,0,0,0,185.14
Udine,91,24/05/2020,1,980,0,0,0,185.33
Udine,92,25/05/2020,0,980,0,0,0,185.33
Udine,93,26/05/2020,1,981,0,0,0,185.52
Udine,94,27/05/2020,0,981,0,0,0,185.52
Udine,95,28/05/2020,0,981,0,0,0,185.52
Udine,96,29/05/2020,1,982,0,0,0,185.71
Udine,97,30/05/2020,0,982,0,0,0,185.71
Udine,98,31/05/2020,1,983,0,0,0,185.9
Udine,99,01/06/2020,1,984,0,0,0,186.08
Udine,100,02/06/2020,2,986,0,0,0,186.46
Udine,101,03/06/2020,0,986,0,0,0,186.46
Udine,102,04/06/2020,1,987,0,0,0,186.65
Udine,103,05/06/2020,1,988,0,0,0,186.84
Udine,104,06/06/2020,1,989,0,0,0,187.03
Udine,105,07/06/2020,0,989,0,0,0,187.03
Udine,106,08/06/2020,0,989,0,0,0,187.03
Udine,107,09/06/2020,0,989,0,0,0,187.03
Udine,108,10/06/2020,2,991,0,0,0,187.41
Udine,109,11/06/2020,0,991,0,0,0,187.41
Udine,110,12/06/2020,1,992,0,0,0,187.6
Udine,111,13/06/2020,1,993,0,0,0,187.79
Udine,112,14/06/2020,0,993,0,0,0,187.79
Udine,113,15/06/2020,0,993,0,0,0,187.79
Udine,114,16/06/2020,0,993,0,0,0,187.79
Udine,115,17/06/2020,1,994,0,0,0,187.98
Udine,116,18/06/2020,1,995,0,0,0,188.17
Udine,117,19/06/2020,1,996,0,0,0,188.35
Udine,118,20/06/2020,1,997,0,0,0,188.54
Udine,119,21/06/2020,0,997,0,0,0,188.54
Udine,120,22/06/2020,0,997,0,0,0,188.54
Udine,121,23/06/2020,0,997,0,0,0,188.54
Udine,122,24/06/2020,0,997,0,0,0,188.54
Udine,123,25/06/2020,0,997,0,0,0,188.54
Udine,124,26/06/2020,0,997,0,0,0,188.54
Udine,125,27/06/2020,0,997,0,0,0,188.54
Udine,126,28/06/2020,0,997,0,0,0,188.54
Udine,127,29/06/2020,0,997,0,0,0,188.54
Udine,128,30/06/2020,0,997,0,0,0,188.54
Udine,129,01/07/2020,1,998,0,0,0,188.73
Udine,130,02/07/2020,0,998,0,0,0,188.73
Udine,131,03/07/2020,0,998,0,0,0,188.73
Udine,132,04/07/2020,3,1001,0,0,0,189.3
Udine,133,05/07/2020,0,1001,0,0,0,189.3
Udine,134,06/07/2020,0,1001,0,0,0,189.3
Udine,135,07/07/2020,0,1001,0,0,0,189.3
Udine,136,08/07/2020,0,1001,0,0,0,189.3
Udine,137,09/07/2020,0,1001,0,0,0,189.3
Udine,138,10/07/2020,0,1001,0,0,0,189.3
Udine,139,11/07/2020,0,1001,0,0,0,189.3
Udine,140,12/07/2020,0,1001,0,0,0,189.3
Udine,141,13/07/2020,0,1001,0,0,0,189.3
Udine,142,14/07/2020,1,1002,0,0,0,189.49
Udine,143,15/07/2020,0,1002,0,0,0,189.49
Udine,144,16/07/2020,1,1003,0,0,0,189.68
Udine,145,17/07/2020,0,1003,0,0,0,189.68
Udine,146,18/07/2020,0,1003,0,0,0,189.68
Udine,147,19/07/2020,0,1003,0,0,0,189.68
Udine,148,20/07/2020,4,1007,0,0,0,190.43
Udine,149,21/07/2020,1,1008,0,0,0,190.62
Udine,150,22/07/2020,2,1010,0,0,0,191
Udine,151,23/07/2020,3,1013,0,0,0,191.57
Udine,152,24/07/2020,1,1014,0,0,0,191.76
Udine,153,25/07/2020,2,1016,0,0,0,192.14
Udine,154,26/07/2020,0,1016,0,0,0,192.14
Udine,155,27/07/2020,0,1016,0,0,0,192.14
Udine,156,28/07/2020,0,1016,0,0,0,192.14
Udine,157,29/07/2020,1,1017,0,0,0,192.33
Udine,158,30/07/2020,8,1025,0,0,0,193.84
Udine,159,31/07/2020,1,1026,0,0,0,194.03
Udine,160,01/08/2020,1,1027,0,0,0,194.22
Udine,161,02/08/2020,2,1029,0,0,0,194.59
Udine,162,03/08/2020,0,1029,0,0,0,194.59
Udine,163,04/08/2020,0,1029,0,0,0,194.59
Udine,164,05/08/2020,7,1036,0,0,0,195.92
Udine,165,06/08/2020,4,1040,0,0,0,196.68
Udine,166,07/08/2020,3,1043,0,0,0,197.24
Udine,167,08/08/2020,4,1047,0,0,0,198
Udine,168,09/08/2020,5,1052,0,0,0,198.94
Udine,169,10/08/2020,0,1052,0,0,0,198.94
Udine,170,11/08/2020,1,1053,0,0,0,199.13
Udine,171,12/08/2020,6,1059,0,0,0,200.27
Udine,172,13/08/2020,9,1068,0,0,0,201.97
Udine,173,14/08/2020,1,1069,0,0,0,202.16
Udine,174,15/08/2020,6,1075,0,0,0,203.29
Udine,175,16/08/2020,4,1079,0,0,0,204.05
Udine,176,17/08/2020,1,1080,0,0,0,204.24
Udine,177,18/08/2020,6,1086,0,0,0,205.37
Udine,178,19/08/2020,4,1090,0,0,0,206.13
Udine,179,20/08/2020,12,1102,0,0,0,208.4
Udine,180,21/08/2020,10,1112,0,0,0,210.29
Udine,181,22/08/2020,14,1126,0,0,0,212.94
Udine,182,23/08/2020,12,1138,0,0,0,215.21
Udine,183,24/08/2020,2,1140,0,0,0,215.59
Udine,184,25/08/2020,4,1144,0,0,0,216.34
Udine,185,26/08/2020,13,1157,0,0,0,218.8
Udine,186,27/08/2020,10,1167,0,0,0,220.69
Udine,187,28/08/2020,4,1171,0,0,0,221.45
Udine,188,29/08/2020,11,1182,0,0,0,223.53
Udine,189,30/08/2020,6,1188,0,0,0,224.66
Udine,190,31/08/2020,2,1190,0,0,0,225.04
Udine,191,01/09/2020,0,1190,0,0,0,225.04
Udine,192,02/09/2020,13,1203,0,0,0,227.5
Udine,193,03/09/2020,13,1216,0,0,0,229.96
Udine,194,04/09/2020,13,1229,0,0,0,232.42
Udine,195,05/09/2020,11,1240,0,0,0,234.5
Udine,196,06/09/2020,11,1251,0,0,0,236.58
Udine,197,07/09/2020,3,1254,0,0,0,237.14
Udine,198,08/09/2020,12,1266,0,0,0,239.41
Udine,199,09/09/2020,12,1278,0,0,0,241.68
Udine,200,10/09/2020,23,1301,0,0,0,246.03
Udine,201,11/09/2020,7,1308,0,0,0,247.36
Udine,202,12/09/2020,13,1321,0,0,0,249.82
Udine,203,13/09/2020,14,1335,0,0,0,252.46
Udine,204,14/09/2020,1,1336,0,0,0,252.65
Udine,205,15/09/2020,7,1343,0,0,0,253.98
Udine,206,16/09/2020,11,1354,0,0,0,256.06
Udine,207,17/09/2020,38,1392,0,0,0,263.24
Udine,208,18/09/2020,7,1399,0,0,0,264.57
Udine,209,19/09/2020,11,1410,0,0,0,266.65
Udine,210,20/09/2020,14,1424,0,0,0,269.29
Udine,211,21/09/2020,11,1435,0,0,0,271.37
Udine,212,22/09/2020,5,1440,0,0,0,272.32
Udine,213,23/09/2020,27,1467,0,0,0,277.43
Udine,214,24/09/2020,17,1484,0,0,0,280.64
Udine,215,25/09/2020,10,1494,0,0,0,282.53
Udine,216,26/09/2020,28,1522,0,0,0,287.83
Udine,217,27/09/2020,14,1536,0,0,0,290.47
Udine,218,28/09/2020,2,1538,0,0,0,290.85
Udine,219,29/09/2020,16,1554,0,0,0,293.88
Udine,220,30/09/2020,13,1567,0,0,0,296.34
Udine,221,01/10/2020,17,1584,0,0,0,299.55
Udine,222,02/10/2020,13,1597,0,0,0,302.01
Udine,223,03/10/2020,29,1626,0,0,0,307.49
Udine,224,04/10/2020,13,1639,0,0,0,309.95
Udine,225,05/10/2020,10,1649,0,0,0,311.84
Udine,226,06/10/2020,24,1673,0,0,0,316.38
Udine,227,07/10/2020,26,1699,0,0,0,321.3
Udine,228,08/10/2020,35,1734,0,0,0,327.92
Udine,229,09/10/2020,70,1804,0,0,0,341.16
Udine,230,10/10/2020,40,1844,0,0,0,348.72
Udine,231,11/10/2020,29,1873,0,0,0,354.2
Udine,232,12/10/2020,24,1897,0,0,0,358.74
Udine,233,13/10/2020,13,1910,0,0,0,361.2
Udine,234,14/10/2020,67,1977,0,0,0,373.87
Udine,235,15/10/2020,60,2037,0,0,0,385.22
Udine,236,16/10/2020,65,2102,0,0,0,397.51
Udine,237,17/10/2020,58,2160,0,0,0,408.48
Udine,238,18/10/2020,47,2207,0,0,0,417.37
Udine,239,19/10/2020,44,2251,0,0,0,425.69
Udine,240,20/10/2020,40,2291,0,0,0,433.25
Udine,241,21/10/2020,91,2382,0,0,0,450.46
Udine,242,22/10/2020,113,2495,0,0,0,471.83
Udine,243,23/10/2020,135,2630,0,0,0,497.36
Udine,244,24/10/2020,146,2776,0,0,0,524.97
Udine,245,25/10/2020,152,2928,0,0,0,553.72
Udine,246,26/10/2020,134,3062,0,0,0,579.06
Udine,247,27/10/2020,143,3205,0,0,0,606.1
Udine,248,28/10/2020,168,3373,0,0,0,637.87
Udine,249,29/10/2020,179,3552,0,0,0,671.72
Udine,250,30/10/2020,236,3788,0,0,0,716.35
Udine,251,31/10/2020,206,3994,0,0,0,755.31
Udine,252,01/11/2020,144,4138,0,0,0,782.54
Udine,253,02/11/2020,140,4278,0,0,0,809.02
Udine,254,03/11/2020,137,4415,0,0,0,834.92
Udine,255,04/11/2020,215,4630,0,0,0,875.58
Udine,256,05/11/2020,216,4846,0,0,0,916.43
Udine,257,06/11/2020,275,5121,0,0,0,968.44
Udine,258,07/11/2020,404,5525,0,0,0,1044.84
Udine,259,08/11/2020,281,5806,0,0,0,1097.98
Udine,260,09/11/2020,178,5984,0,0,0,1131.64
Udine,261,10/11/2020,196,6180,0,0,0,1168.7
Udine,262,11/11/2020,234,6414,0,0,0,1212.96
Udine,263,12/11/2020,316,6730,0,0,0,1272.71
Udine,264,13/11/2020,305,7035,0,0,0,1330.39
Udine,265,14/11/2020,218,7253,0,0,0,1371.62
Udine,266,15/11/2020,341,7594,0,0,0,1436.11
Udine,267,16/11/2020,160,7754,0,0,0,1466.36
Udine,268,17/11/2020,362,8116,0,0,0,1534.82
Udine,269,18/11/2020,336,8452,0,0,0,1598.36
Udine,270,19/11/2020,554,9006,0,0,0,1703.13
Udine,271,20/11/2020,469,9475,0,0,0,1791.82
Udine,272,21/11/2020,579,10054,0,0,0,1901.32
Udine,273,22/11/2020,371,10425,0,0,0,1971.48
Udine,274,23/11/2020,189,10614,0,0,0,2007.22
Udine,275,24/11/2020,337,10951,12,12,0.001,2070.95
Udine,276,25/11/2020,351,11302,12,24,0.002,2137.33
Udine,277,26/11/2020,437,11739,0,24,0.002,2219.97
