Province,Day,Date,New_cases,Curr_pos_cases,Deaths,Tot_deaths,Lethality_rate,Cumul_rates
Livorno,1,24/02/2020,0,0,0,0,NA,1000000
Livorno,2,25/02/2020,0,0,0,0,NA,1000000
Livorno,3,26/02/2020,0,0,0,0,NA,1000000
Livorno,4,27/02/2020,0,0,0,0,NA,1000000
Livorno,5,28/02/2020,0,0,0,0,NA,1000000
Livorno,6,29/02/2020,0,0,0,0,NA,1000000
Livorno,7,01/03/2020,0,0,0,0,NA,1000000
Livorno,8,02/03/2020,0,0,0,0,NA,1000000
Livorno,9,03/03/2020,0,0,0,0,NA,1000000
Livorno,10,04/03/2020,3,3,0,0,NA,1000000
Livorno,11,05/03/2020,0,3,0,0,NA,1000000
Livorno,12,06/03/2020,2,5,0,0,NA,1000000
Livorno,13,07/03/2020,1,6,0,0,NA,1000000
Livorno,14,08/03/2020,4,10,0,0,NA,1000000
Livorno,15,09/03/2020,0,10,0,0,NA,1000000
Livorno,16,10/03/2020,4,14,0,0,NA,1000000
Livorno,17,11/03/2020,2,16,0,0,NA,1000000
Livorno,18,12/03/2020,0,16,0,0,NA,1000000
Livorno,19,13/03/2020,11,27,0,0,NA,1000000
Livorno,20,14/03/2020,13,40,0,0,NA,1000000
Livorno,21,15/03/2020,10,50,1,1,NA,1000000
Livorno,22,16/03/2020,3,53,1,2,NA,1000000
Livorno,23,17/03/2020,6,59,1,3,NA,1000000
Livorno,24,18/03/2020,3,62,0,3,NA,1000000
Livorno,25,19/03/2020,0,62,1,4,NA,1000000
Livorno,26,20/03/2020,55,117,1,5,NA,1000000
Livorno,27,21/03/2020,3,120,1,6,NA,1000000
Livorno,28,22/03/2020,10,130,2,8,NA,1000000
Livorno,29,23/03/2020,10,140,1,9,NA,1000000
Livorno,30,24/03/2020,22,162,1,10,NA,1000000
Livorno,31,25/03/2020,17,179,0,10,NA,1000000
Livorno,32,26/03/2020,25,204,0,10,NA,1000000
Livorno,33,27/03/2020,0,204,0,10,NA,1000000
Livorno,34,28/03/2020,16,220,1,11,NA,1000000
Livorno,35,29/03/2020,16,236,5,16,NA,1000000
Livorno,36,30/03/2020,35,271,1,17,NA,1000000
Livorno,37,31/03/2020,9,280,1,18,NA,1000000
Livorno,38,01/04/2020,15,295,1,19,NA,1000000
Livorno,39,02/04/2020,6,301,0,19,NA,1000000
Livorno,40,03/04/2020,6,307,0,19,NA,1000000
Livorno,41,04/04/2020,9,316,3,22,NA,1000000
Livorno,42,05/04/2020,6,322,1,23,NA,1000000
Livorno,43,06/04/2020,1,323,0,23,NA,1000000
Livorno,44,07/04/2020,13,336,0,23,NA,1000000
Livorno,45,08/04/2020,13,349,0,23,NA,1000000
Livorno,46,09/04/2020,4,353,0,23,NA,1000000
Livorno,47,10/04/2020,5,358,7,30,NA,1000000
Livorno,48,11/04/2020,21,379,0,30,NA,1000000
Livorno,49,12/04/2020,19,398,2,32,NA,1000000
Livorno,50,13/04/2020,6,404,1,33,NA,1000000
Livorno,51,14/04/2020,6,410,0,33,NA,1000000
Livorno,52,15/04/2020,5,415,1,34,NA,1000000
Livorno,53,16/04/2020,50,465,2,36,NA,1000000
Livorno,54,17/04/2020,10,475,0,36,NA,1000000
Livorno,55,18/04/2020,5,480,0,36,NA,1000000
Livorno,56,19/04/2020,9,489,3,39,NA,1000000
Livorno,57,20/04/2020,2,491,0,39,NA,1000000
Livorno,58,21/04/2020,1,492,0,39,NA,1000000
Livorno,59,22/04/2020,2,494,2,41,NA,1000000
Livorno,60,23/04/2020,1,495,0,41,NA,1000000
Livorno,61,24/04/2020,4,499,0,41,NA,1000000
Livorno,62,25/04/2020,2,501,1,42,NA,1000000
Livorno,63,26/04/2020,7,508,1,43,NA,1000000
Livorno,64,27/04/2020,0,508,1,44,NA,1000000
Livorno,65,28/04/2020,3,511,0,44,NA,1000000
Livorno,66,29/04/2020,2,513,0,44,NA,1000000
Livorno,67,30/04/2020,0,513,0,44,NA,1000000
Livorno,68,01/05/2020,2,515,0,44,NA,1000000
Livorno,69,02/05/2020,6,521,1,45,NA,1000000
Livorno,70,03/05/2020,2,523,0,45,NA,1000000
Livorno,71,04/05/2020,3,526,1,46,NA,1000000
Livorno,72,05/05/2020,3,529,0,46,NA,1000000
Livorno,73,06/05/2020,0,529,3,49,NA,1000000
Livorno,74,07/05/2020,1,530,1,50,NA,1000000
Livorno,75,08/05/2020,1,531,0,50,NA,1000000
Livorno,76,09/05/2020,4,535,0,50,NA,1000000
Livorno,77,10/05/2020,0,535,0,50,NA,1000000
Livorno,78,11/05/2020,0,535,1,51,NA,1000000
Livorno,79,12/05/2020,0,535,2,53,NA,1000000
Livorno,80,13/05/2020,3,538,0,53,NA,1000000
Livorno,81,14/05/2020,1,539,0,53,NA,1000000
Livorno,82,15/05/2020,2,541,0,53,NA,1000000
Livorno,83,16/05/2020,0,541,0,53,NA,1000000
Livorno,84,17/05/2020,0,541,2,55,NA,1000000
Livorno,85,18/05/2020,1,542,0,55,NA,1000000
Livorno,86,19/05/2020,0,542,0,55,NA,1000000
Livorno,87,20/05/2020,1,543,2,57,NA,1000000
Livorno,88,21/05/2020,3,546,0,57,NA,1000000
Livorno,89,22/05/2020,4,550,0,57,NA,1000000
Livorno,90,23/05/2020,1,551,1,58,NA,1000000
Livorno,91,24/05/2020,0,551,0,58,NA,1000000
Livorno,92,25/05/2020,1,552,0,58,NA,1000000
Livorno,93,26/05/2020,1,553,0,58,NA,1000000
Livorno,94,27/05/2020,1,554,0,58,NA,1000000
Livorno,95,28/05/2020,0,554,0,58,NA,1000000
Livorno,96,29/05/2020,1,555,0,58,NA,1000000
Livorno,97,30/05/2020,1,556,0,58,NA,1000000
Livorno,98,31/05/2020,0,556,0,58,NA,1000000
Livorno,99,01/06/2020,0,556,0,58,NA,1000000
Livorno,100,02/06/2020,0,556,0,58,NA,1000000
Livorno,101,03/06/2020,1,557,1,59,NA,1000000
Livorno,102,04/06/2020,0,557,0,59,NA,1000000
Livorno,103,05/06/2020,0,557,0,59,NA,1000000
Livorno,104,06/06/2020,0,557,2,61,NA,1000000
Livorno,105,07/06/2020,0,557,0,61,NA,1000000
Livorno,106,08/06/2020,0,557,0,61,NA,1000000
Livorno,107,09/06/2020,0,557,0,61,NA,1000000
Livorno,108,10/06/2020,0,557,0,61,NA,1000000
Livorno,109,11/06/2020,0,557,0,61,NA,1000000
Livorno,110,12/06/2020,0,557,0,61,NA,1000000
Livorno,111,13/06/2020,0,557,0,61,NA,1000000
Livorno,112,14/06/2020,1,558,0,61,NA,1000000
Livorno,113,15/06/2020,0,558,0,61,NA,1000000
Livorno,114,16/06/2020,0,558,0,61,NA,1000000
Livorno,115,17/06/2020,0,558,0,61,NA,1000000
Livorno,116,18/06/2020,1,559,0,61,NA,1000000
Livorno,117,19/06/2020,0,559,0,61,NA,1000000
Livorno,118,20/06/2020,0,559,0,61,NA,1000000
Livorno,119,21/06/2020,0,559,0,61,NA,1000000
Livorno,120,22/06/2020,0,559,0,61,NA,1000000
Livorno,121,23/06/2020,0,559,0,61,NA,1000000
Livorno,122,24/06/2020,-83,476,0,61,NA,1000000
Livorno,123,25/06/2020,0,476,0,61,NA,1000000
Livorno,124,26/06/2020,0,476,0,61,NA,1000000
Livorno,125,27/06/2020,0,476,0,61,NA,1000000
Livorno,126,28/06/2020,1,477,0,61,NA,1000000
Livorno,127,29/06/2020,0,477,0,61,NA,1000000
Livorno,128,30/06/2020,0,477,0,61,NA,1000000
Livorno,129,01/07/2020,0,477,0,61,NA,1000000
Livorno,130,02/07/2020,0,477,0,61,NA,1000000
Livorno,131,03/07/2020,1,478,0,61,NA,1000000
Livorno,132,04/07/2020,1,479,0,61,NA,1000000
Livorno,133,05/07/2020,0,479,0,61,NA,1000000
Livorno,134,06/07/2020,0,479,0,61,NA,1000000
Livorno,135,07/07/2020,0,479,0,61,NA,1000000
Livorno,136,08/07/2020,0,479,0,61,NA,1000000
Livorno,137,09/07/2020,0,479,0,61,NA,1000000
Livorno,138,10/07/2020,0,479,0,61,NA,1000000
Livorno,139,11/07/2020,0,479,0,61,NA,1000000
Livorno,140,12/07/2020,0,479,0,61,NA,1000000
Livorno,141,13/07/2020,0,479,0,61,NA,1000000
Livorno,142,14/07/2020,0,479,0,61,NA,1000000
Livorno,143,15/07/2020,0,479,0,61,NA,1000000
Livorno,144,16/07/2020,0,479,0,61,NA,1000000
Livorno,145,17/07/2020,2,481,0,61,NA,1000000
Livorno,146,18/07/2020,0,481,0,61,NA,1000000
Livorno,147,19/07/2020,0,481,0,61,NA,1000000
Livorno,148,20/07/2020,1,482,0,61,NA,1000000
Livorno,149,21/07/2020,0,482,0,61,NA,1000000
Livorno,150,22/07/2020,0,482,0,61,NA,1000000
Livorno,151,23/07/2020,1,483,0,61,NA,1000000
Livorno,152,24/07/2020,0,483,0,61,NA,1000000
Livorno,153,25/07/2020,1,484,0,61,NA,1000000
Livorno,154,26/07/2020,0,484,0,61,NA,1000000
Livorno,155,27/07/2020,0,484,0,61,NA,1000000
Livorno,156,28/07/2020,0,484,2,63,NA,1000000
Livorno,157,29/07/2020,0,484,0,63,NA,1000000
Livorno,158,30/07/2020,0,484,0,63,NA,1000000
Livorno,159,31/07/2020,0,484,0,63,NA,1000000
Livorno,160,01/08/2020,0,484,0,63,NA,1000000
Livorno,161,02/08/2020,1,485,0,63,NA,1000000
Livorno,162,03/08/2020,0,485,0,63,NA,1000000
Livorno,163,04/08/2020,2,487,0,63,NA,1000000
Livorno,164,05/08/2020,0,487,0,63,NA,1000000
Livorno,165,06/08/2020,1,488,0,63,NA,1000000
Livorno,166,07/08/2020,1,489,0,63,NA,1000000
Livorno,167,08/08/2020,1,490,0,63,NA,1000000
Livorno,168,09/08/2020,4,494,0,63,NA,1000000
Livorno,169,10/08/2020,0,494,0,63,NA,1000000
Livorno,170,11/08/2020,0,494,0,63,NA,1000000
Livorno,171,12/08/2020,0,494,0,63,NA,1000000
Livorno,172,13/08/2020,1,495,0,63,NA,1000000
Livorno,173,14/08/2020,1,496,0,63,NA,1000000
Livorno,174,15/08/2020,2,498,0,63,NA,1000000
Livorno,175,16/08/2020,8,506,0,63,NA,1000000
Livorno,176,17/08/2020,2,508,0,63,NA,1000000
Livorno,177,18/08/2020,0,508,0,63,NA,1000000
Livorno,178,19/08/2020,3,511,0,63,NA,1000000
Livorno,179,20/08/2020,3,514,0,63,NA,1000000
Livorno,180,21/08/2020,5,519,0,63,NA,1000000
Livorno,181,22/08/2020,3,522,0,63,NA,1000000
Livorno,182,23/08/2020,4,526,0,63,NA,1000000
Livorno,183,24/08/2020,6,532,0,63,NA,1000000
Livorno,184,25/08/2020,0,532,0,63,NA,1000000
Livorno,185,26/08/2020,3,535,0,63,NA,1000000
Livorno,186,27/08/2020,10,545,0,63,NA,1000000
Livorno,187,28/08/2020,3,548,0,63,NA,1000000
Livorno,188,29/08/2020,1,549,0,63,NA,1000000
Livorno,189,30/08/2020,3,552,0,63,NA,1000000
Livorno,190,31/08/2020,5,557,0,63,NA,1000000
Livorno,191,01/09/2020,0,557,0,63,NA,1000000
Livorno,192,02/09/2020,2,559,0,63,NA,1000000
Livorno,193,03/09/2020,11,570,0,63,NA,1000000
Livorno,194,04/09/2020,9,579,0,63,NA,1000000
Livorno,195,05/09/2020,4,583,0,63,NA,1000000
Livorno,196,06/09/2020,8,591,0,63,NA,1000000
Livorno,197,07/09/2020,2,593,1,64,NA,1000000
Livorno,198,08/09/2020,2,595,0,64,NA,1000000
Livorno,199,09/09/2020,6,601,0,64,NA,1010084
Livorno,200,10/09/2020,6,607,1,65,NA,1020168
Livorno,201,11/09/2020,10,617,0,65,NA,1036975
Livorno,202,12/09/2020,10,627,0,65,NA,1053782
Livorno,203,13/09/2020,11,638,0,65,NA,1072269
Livorno,204,14/09/2020,3,641,0,65,0.10140405616224649,191.43928895685
Livorno,205,15/09/2020,3,644,0,65,0.10093167701863354,192.3352606680365
Livorno,206,16/09/2020,5,649,0,65,0.10015408320493066,193.8285468533474
