Province,Day,Date,New_cases,Curr_pos_cases,Deaths,Tot_deaths,Lethality_rate,Cumul_rates
Livorno,1,24/02/2020,0,0,0,0,"0,00000000","100000,0"
Livorno,2,25/02/2020,0,0,0,0,"0,00000000","100000,0"
Livorno,3,26/02/2020,0,0,0,0,"0,00000000","100000,0"
Livorno,4,27/02/2020,0,0,0,0,"0,00000000","100000,0"
Livorno,5,28/02/2020,0,0,0,0,"0,00000000","100000,0"
Livorno,6,29/02/2020,0,0,0,0,"0,00000000","100000,0"
Livorno,7,01/03/2020,0,0,0,0,"0,00000000","100000,0"
Livorno,8,02/03/2020,0,0,0,0,"0,00000000","100000,0"
Livorno,9,03/03/2020,0,0,0,0,"0,00000000","100000,0"
Livorno,10,04/03/2020,3,3,0,0,"0,00000000","100000,0"
Livorno,11,05/03/2020,0,3,0,0,"0,00000000","100000,0"
Livorno,12,06/03/2020,2,5,0,0,"0,00000000","100000,0"
Livorno,13,07/03/2020,1,6,0,0,"0,00000000","100000,0"
Livorno,14,08/03/2020,4,10,0,0,"0,00000000","100000,0"
Livorno,15,09/03/2020,0,10,0,0,"0,00000000","100000,0"
Livorno,16,10/03/2020,4,14,0,0,"0,00000000","100000,0"
Livorno,17,11/03/2020,2,16,0,0,"0,00000000","100000,0"
Livorno,18,12/03/2020,0,16,0,0,"0,00000000","100000,0"
Livorno,19,13/03/2020,11,27,0,0,"0,00000000","100000,0"
Livorno,20,14/03/2020,13,40,0,0,"0,00000000","100000,0"
Livorno,21,15/03/2020,10,50,1,1,"0,02000000","100000,0"
Livorno,22,16/03/2020,3,53,1,2,"0,03773585","100000,0"
Livorno,23,17/03/2020,6,59,1,3,"0,05084746","100000,0"
Livorno,24,18/03/2020,3,62,0,3,"0,04838710","100000,0"
Livorno,25,19/03/2020,0,62,1,4,"0,06451613","100000,0"
Livorno,26,20/03/2020,55,117,1,5,"0,04273504","100000,0"
Livorno,27,21/03/2020,3,120,1,6,"0,05000000","100000,0"
Livorno,28,22/03/2020,10,130,2,8,"0,06153846","100000,0"
Livorno,29,23/03/2020,10,140,1,9,"0,06428571","100000,0"
Livorno,30,24/03/2020,22,162,1,10,"0,06172839","100000,0"
Livorno,31,25/03/2020,17,179,0,10,"0,05586592","100000,0"
Livorno,32,26/03/2020,25,204,0,10,"0,04901961","100000,0"
Livorno,33,27/03/2020,0,204,0,10,"0,04901961","100000,0"
Livorno,34,28/03/2020,16,220,1,11,"0,05000000","100000,0"
Livorno,35,29/03/2020,16,236,5,16,"0,06779661","100000,0"
Livorno,36,30/03/2020,35,271,1,17,"0,06273063","100000,0"
Livorno,37,31/03/2020,9,280,1,18,"0,06428571","100000,0"
Livorno,38,01/04/2020,15,295,1,19,"0,06440678","100000,0"
Livorno,39,02/04/2020,6,301,0,19,"0,06312292","100000,0"
Livorno,40,03/04/2020,6,307,0,19,"0,06188925","100000,0"
Livorno,41,04/04/2020,9,316,3,22,"0,06962025","100000,0"
Livorno,42,05/04/2020,6,322,1,23,"0,07142857","100000,0"
Livorno,43,06/04/2020,1,323,0,23,"0,07120743","100000,0"
Livorno,44,07/04/2020,13,336,0,23,"0,06845238","100000,0"
Livorno,45,08/04/2020,13,349,0,23,"0,06590258","100000,0"
Livorno,46,09/04/2020,4,353,0,23,"0,06515581","100000,0"
Livorno,47,10/04/2020,5,358,7,30,"0,08379888","100000,0"
Livorno,48,11/04/2020,21,379,0,30,"0,07915567","100000,0"
Livorno,49,12/04/2020,19,398,2,32,"0,08040201","100000,0"
Livorno,50,13/04/2020,6,404,1,33,"0,08168317","100000,0"
Livorno,51,14/04/2020,6,410,0,33,"0,08048780","100000,0"
Livorno,52,15/04/2020,5,415,1,34,"0,08192771","100000,0"
Livorno,53,16/04/2020,50,465,2,36,"0,07741935","100000,0"
Livorno,54,17/04/2020,10,475,0,36,"0,07578947","100000,0"
Livorno,55,18/04/2020,5,480,0,36,"0,07500000","100000,0"
Livorno,56,19/04/2020,9,489,3,39,"0,07975460","100000,0"
Livorno,57,20/04/2020,2,491,0,39,"0,07942974","100000,0"
Livorno,58,21/04/2020,1,492,0,39,"0,07926829","100000,0"
Livorno,59,22/04/2020,2,494,2,41,"0,08299595","100000,0"
Livorno,60,23/04/2020,1,495,0,41,"0,08282828","100000,0"
Livorno,61,24/04/2020,4,499,0,41,"0,08216433","100000,0"
Livorno,62,25/04/2020,2,501,1,42,"0,08383233","100000,0"
Livorno,63,26/04/2020,7,508,1,43,"0,08464567","100000,0"
Livorno,64,27/04/2020,0,508,1,44,"0,08661417","100000,0"
Livorno,65,28/04/2020,3,511,0,44,"0,08610568","100000,0"
Livorno,66,29/04/2020,2,513,0,44,"0,08576998","100000,0"
Livorno,67,30/04/2020,0,513,0,44,"0,08576998","100000,0"
Livorno,68,01/05/2020,2,515,0,44,"0,08543689","100000,0"
Livorno,69,02/05/2020,6,521,1,45,"0,08637236","100000,0"
Livorno,70,03/05/2020,2,523,0,45,"0,08604207","100000,0"
Livorno,71,04/05/2020,3,526,1,46,"0,08745247","100000,0"
Livorno,72,05/05/2020,3,529,0,46,"0,08695652","100000,0"
Livorno,73,06/05/2020,0,529,3,49,"0,09262760","100000,0"
Livorno,74,07/05/2020,1,530,1,50,"0,09433962","100000,0"
Livorno,75,08/05/2020,1,531,0,50,"0,09416196","100000,0"
Livorno,76,09/05/2020,4,535,0,50,"0,09345794","100000,0"
Livorno,77,10/05/2020,0,535,0,50,"0,09345794","100000,0"
Livorno,78,11/05/2020,0,535,1,51,"0,09532710","100000,0"
Livorno,79,12/05/2020,0,535,2,53,"0,09906542","100000,0"
Livorno,80,13/05/2020,3,538,0,53,"0,09851301","100000,0"
Livorno,81,14/05/2020,1,539,0,53,"0,09833024","100000,0"
Livorno,82,15/05/2020,2,541,0,53,"0,09796673","100000,0"
Livorno,83,16/05/2020,0,541,0,53,"0,09796673","100000,0"
Livorno,84,17/05/2020,0,541,2,55,"0,10166359","100000,0"
Livorno,85,18/05/2020,1,542,0,55,"0,10147602","100000,0"
Livorno,86,19/05/2020,0,542,0,55,"0,10147602","100000,0"
Livorno,87,20/05/2020,1,543,2,57,"0,10497238","100000,0"
Livorno,88,21/05/2020,3,546,0,57,"0,10439560","100000,0"
Livorno,89,22/05/2020,4,550,0,57,"0,10363636","100000,0"
Livorno,90,23/05/2020,1,551,1,58,"0,10526316","100000,0"
Livorno,91,24/05/2020,0,551,0,58,"0,10526316","100000,0"
Livorno,92,25/05/2020,1,552,0,58,"0,10507246","100000,0"
Livorno,93,26/05/2020,1,553,0,58,"0,10488246","100000,0"
Livorno,94,27/05/2020,1,554,0,58,"0,10469314","100000,0"
Livorno,95,28/05/2020,0,554,0,58,"0,10469314","100000,0"
Livorno,96,29/05/2020,1,555,0,58,"0,10450450","100000,0"
Livorno,97,30/05/2020,1,556,0,58,"0,10431655","100000,0"
Livorno,98,31/05/2020,0,556,0,58,"0,10431655","100000,0"
Livorno,99,01/06/2020,0,556,0,58,"0,10431655","100000,0"
Livorno,100,02/06/2020,0,556,0,58,"0,10431655","100000,0"
Livorno,101,03/06/2020,1,557,1,59,"0,10592460","100000,0"
Livorno,102,04/06/2020,0,557,0,59,"0,10592460","100000,0"
Livorno,103,05/06/2020,0,557,0,59,"0,10592460","100000,0"
Livorno,104,06/06/2020,0,557,2,61,"0,10951526","100000,0"
Livorno,105,07/06/2020,0,557,0,61,"0,10951526","100000,0"
Livorno,106,08/06/2020,0,557,0,61,"0,10951526","100000,0"
Livorno,107,09/06/2020,0,557,0,61,"0,10951526","100000,0"
Livorno,108,10/06/2020,0,557,0,61,"0,10951526","100000,0"
Livorno,109,11/06/2020,0,557,0,61,"0,10951526","100000,0"
Livorno,110,12/06/2020,0,557,0,61,"0,10951526","100000,0"
Livorno,111,13/06/2020,0,557,0,61,"0,10951526","100000,0"
Livorno,112,14/06/2020,1,558,0,61,"0,10931900","100000,0"
Livorno,113,15/06/2020,0,558,0,61,"0,10931900","100000,0"
Livorno,114,16/06/2020,0,558,0,61,"0,10931900","100000,0"
Livorno,115,17/06/2020,0,558,0,61,"0,10931900","100000,0"
Livorno,116,18/06/2020,1,559,0,61,"0,10912344","100000,0"
Livorno,117,19/06/2020,0,559,0,61,"0,10912344","100000,0"
Livorno,118,20/06/2020,0,559,0,61,"0,10912344","100000,0"
Livorno,119,21/06/2020,0,559,0,61,"0,10912344","100000,0"
Livorno,120,22/06/2020,0,559,0,61,"0,10912344","100000,0"
Livorno,121,23/06/2020,0,559,0,61,"0,10912344","100000,0"
Livorno,122,24/06/2020,-83,476,0,61,"0,12815126","100000,0"
Livorno,123,25/06/2020,0,476,0,61,"0,12815126","100000,0"
Livorno,124,26/06/2020,0,476,0,61,"0,12815126","100000,0"
Livorno,125,27/06/2020,0,476,0,61,"0,12815126","100000,0"
Livorno,126,28/06/2020,1,477,0,61,"0,12788260","100000,0"
Livorno,127,29/06/2020,0,477,0,61,"0,12788260","100000,0"
Livorno,128,30/06/2020,0,477,0,61,"0,12788260","100000,0"
Livorno,129,01/07/2020,0,477,0,61,"0,12788260","100000,0"
Livorno,130,02/07/2020,0,477,0,61,"0,12788260","100000,0"
Livorno,131,03/07/2020,1,478,0,61,"0,12761506","100000,0"
Livorno,132,04/07/2020,1,479,0,61,"0,12734864","100000,0"
Livorno,133,05/07/2020,0,479,0,61,"0,12734864","100000,0"
Livorno,134,06/07/2020,0,479,0,61,"0,12734864","100000,0"
Livorno,135,07/07/2020,0,479,0,61,"0,12734864","100000,0"
Livorno,136,08/07/2020,0,479,0,61,"0,12734864","100000,0"
Livorno,137,09/07/2020,0,479,0,61,"0,12734864","100000,0"
Livorno,138,10/07/2020,0,479,0,61,"0,12734864","100000,0"
Livorno,139,11/07/2020,0,479,0,61,"0,12734864","100000,0"
Livorno,140,12/07/2020,0,479,0,61,"0,12734864","100000,0"
Livorno,141,13/07/2020,0,479,0,61,"0,12734864","100000,0"
Livorno,142,14/07/2020,0,479,0,61,"0,12734864","100000,0"
Livorno,143,15/07/2020,0,479,0,61,"0,12734864","100000,0"
Livorno,144,16/07/2020,0,479,0,61,"0,12734864","100000,0"
Livorno,145,17/07/2020,2,481,0,61,"0,12681913","100000,0"
Livorno,146,18/07/2020,0,481,0,61,"0,12681913","100000,0"
Livorno,147,19/07/2020,0,481,0,61,"0,12681913","100000,0"
Livorno,148,20/07/2020,1,482,0,61,"0,12655602","100000,0"
Livorno,149,21/07/2020,0,482,0,61,"0,12655602","100000,0"
Livorno,150,22/07/2020,0,482,0,61,"0,12655602","100000,0"
Livorno,151,23/07/2020,1,483,0,61,"0,12629400","100000,0"
Livorno,152,24/07/2020,0,483,0,61,"0,12629400","100000,0"
Livorno,153,25/07/2020,1,484,0,61,"0,12603306","100000,0"
Livorno,154,26/07/2020,0,484,0,61,"0,12603306","100000,0"
Livorno,155,27/07/2020,0,484,0,61,"0,12603306","100000,0"
Livorno,156,28/07/2020,0,484,2,63,"0,13016529","100000,0"
Livorno,157,29/07/2020,0,484,0,63,"0,13016529","100000,0"
Livorno,158,30/07/2020,0,484,0,63,"0,13016529","100000,0"
Livorno,159,31/07/2020,0,484,0,63,"0,13016529","100000,0"
Livorno,160,01/08/2020,0,484,0,63,"0,13016529","100000,0"
Livorno,161,02/08/2020,1,485,0,63,"0,12989691","100000,0"
Livorno,162,03/08/2020,0,485,0,63,"0,12989691","100000,0"
Livorno,163,04/08/2020,2,487,0,63,"0,12936345","100000,0"
Livorno,164,05/08/2020,0,487,0,63,"0,12936345","100000,0"
Livorno,165,06/08/2020,1,488,0,63,"0,12909836","100000,0"
Livorno,166,07/08/2020,1,489,0,63,"0,12883436","100000,0"
Livorno,167,08/08/2020,1,490,0,63,"0,12857143","100000,0"
Livorno,168,09/08/2020,4,494,0,63,"0,12857143","100000,0"
Livorno,169,10/08/2020,0,494,0,63,"0,12857143","100000,0"
Livorno,170,11/08/2020,0,494,0,63,"0,12857143","100000,0"
Livorno,171,12/08/2020,0,494,0,63,"0,12857143","100000,0"
Livorno,172,13/08/2020,1,495,0,63,"0,12857143","100000,0"
Livorno,173,14/08/2020,1,496,0,63,"0,12857143","100000,0"
Livorno,174,15/08/2020,2,498,0,63,"0,12857143","100000,0"
Livorno,175,16/08/2020,8,506,0,63,"0,12857143","100000,0"
Livorno,176,17/08/2020,2,508,0,63,"0,12401575","100000,0"
Livorno,177,18/08/2020,0,508,0,63,"0,12328767","100000,0"
Livorno,178,19/08/2020,3,511,0,63,"0,12328767","100000,0"
Livorno,179,20/08/2020,3,514,0,63,"0,12256809","100000,0"
Livorno,180,21/08/2020,5,519,0,63,"0,12138728","100000,0"
Livorno,181,22/08/2020,3,522,0,63,"0,12068966","100000,0"
Livorno,182,23/08/2020,4,526,0,63,"0,11977186","100000,0"
Livorno,183,24/08/2020,6,532,0,63,"0,11842105","100000,0"
Livorno,184,25/08/2020,0,532,0,63,"0,11842105","100000,0"
Livorno,185,26/08/2020,3,535,0,63,"0,11775701","100000,0"
Livorno,186,27/08/2020,10,545,0,63,"0,11559633","100000,0"
Livorno,187,28/08/2020,3,548,0,63,"0,11496350","100000,0"
Livorno,188,29/08/2020,1,549,0,63,"0,11475410","100000,0"
Livorno,189,30/08/2020,3,552,0,63,"0,11413043","100000,0"
Livorno,190,31/08/2020,5,557,0,63,"0,11310592","100000,0"
Livorno,191,01/09/2020,0,557,0,63,"0,11310592","100000,0"
Livorno,192,02/09/2020,2,559,0,63,"0,11270125","100000,0"
Livorno,193,03/09/2020,11,570,0,63,"0,11052632","100000,0"
Livorno,194,04/09/2020,9,579,0,63,"0,10880829","100000,0"
Livorno,195,05/09/2020,4,583,0,63,"0,10806175","100000,0"
Livorno,196,06/09/2020,8,591,0,63,"0,10659898","100000,0"
Livorno,197,07/09/2020,2,593,1,64,"0,10623946","100000,0"
Livorno,198,08/09/2020,2,595,0,64,"0,10588235","100000,0"
Livorno,199,09/09/2020,6,601,0,64,"0,10648918","101008,4"
Livorno,200,10/09/2020,6,607,1,65,"0,10543657","102016,8"
Livorno,201,11/09/2020,10,617,0,65,"0,10372771","103697,5"
Livorno,202,12/09/2020,10,627,0,65,"0,10207337","105378,2"
Livorno,203,13/09/2020,11,638,0,65,"0,10031348","107226,9"
Livorno,204,14/09/2020,3,641,0,65,0.10140405616224649,191.43928895685
Livorno,205,15/09/2020,3,644,0,65,0.10093167701863354,192.3352606680365
