Province,Day,Date,New_cases,Curr_pos_cases,Deaths,Tot_deaths,Lethality_rate,Cumul_rates
Livorno,1,24/02/2020,0,0,0,0,0,0
Livorno,2,25/02/2020,0,0,0,0,0,0
Livorno,3,26/02/2020,0,0,0,0,0,0
Livorno,4,27/02/2020,0,0,0,0,0,0
Livorno,5,28/02/2020,0,0,0,0,0,0
Livorno,6,29/02/2020,0,0,0,0,0,0
Livorno,7,01/03/2020,0,0,0,0,0,0
Livorno,8,02/03/2020,0,0,0,0,0,0
Livorno,9,03/03/2020,0,0,0,0,0,0
Livorno,10,04/03/2020,3,3,0,0,0,0.9
Livorno,11,05/03/2020,0,3,0,0,0,0.9
Livorno,12,06/03/2020,2,5,0,0,0,1.49
Livorno,13,07/03/2020,1,6,0,0,0,1.79
Livorno,14,08/03/2020,4,10,0,0,0,2.99
Livorno,15,09/03/2020,0,10,0,0,0,2.99
Livorno,16,10/03/2020,4,14,0,0,0,4.18
Livorno,17,11/03/2020,2,16,0,0,0,4.78
Livorno,18,12/03/2020,0,16,0,0,0,4.78
Livorno,19,13/03/2020,11,27,0,0,0,8.06
Livorno,20,14/03/2020,13,40,0,0,0,11.95
Livorno,21,15/03/2020,10,50,1,1,0.02,14.93
Livorno,22,16/03/2020,3,53,1,2,0.04,15.83
Livorno,23,17/03/2020,6,59,1,3,0.05,17.62
Livorno,24,18/03/2020,3,62,0,3,0.05,18.52
Livorno,25,19/03/2020,0,62,1,4,0.06,18.52
Livorno,26,20/03/2020,55,117,1,5,0.04,34.94
Livorno,27,21/03/2020,3,120,1,6,0.05,35.84
Livorno,28,22/03/2020,10,130,2,8,0.06,38.83
Livorno,29,23/03/2020,10,140,1,9,0.06,41.81
Livorno,30,24/03/2020,22,162,1,10,0.06,48.38
Livorno,31,25/03/2020,17,179,0,10,0.06,53.46
Livorno,32,26/03/2020,25,204,0,10,0.05,60.93
Livorno,33,27/03/2020,0,204,0,10,0.05,60.93
Livorno,34,28/03/2020,16,220,1,11,0.05,65.7
Livorno,35,29/03/2020,16,236,5,16,0.07,70.48
Livorno,36,30/03/2020,35,271,1,17,0.06,80.94
Livorno,37,31/03/2020,9,280,1,18,0.06,83.62
Livorno,38,01/04/2020,15,295,1,19,0.06,88.1
Livorno,39,02/04/2020,6,301,0,19,0.06,89.9
Livorno,40,03/04/2020,6,307,0,19,0.06,91.69
Livorno,41,04/04/2020,9,316,3,22,0.07,94.38
Livorno,42,05/04/2020,6,322,1,23,0.07,96.17
Livorno,43,06/04/2020,1,323,0,23,0.07,96.47
Livorno,44,07/04/2020,13,336,0,23,0.07,100.35
Livorno,45,08/04/2020,13,349,0,23,0.07,104.23
Livorno,46,09/04/2020,4,353,0,23,0.06,105.43
Livorno,47,10/04/2020,5,358,2,25,0.07,106.92
Livorno,48,11/04/2020,21,379,3,28,0.07,113.19
Livorno,49,12/04/2020,19,398,2,30,0.07,118.87
Livorno,50,13/04/2020,6,404,0,30,0.07,120.66
Livorno,51,14/04/2020,6,410,0,30,0.07,122.45
Livorno,52,15/04/2020,5,415,2,32,0.08,123.94
Livorno,53,16/04/2020,50,465,1,33,0.07,138.88
Livorno,54,17/04/2020,10,475,0,33,0.07,141.86
Livorno,55,18/04/2020,5,480,0,33,0.07,143.36
Livorno,56,19/04/2020,9,489,0,33,0.07,146.04
Livorno,57,20/04/2020,2,491,0,33,0.07,146.64
Livorno,58,21/04/2020,1,492,2,35,0.07,146.94
Livorno,59,22/04/2020,2,494,1,36,0.07,147.54
Livorno,60,23/04/2020,1,495,0,36,0.07,147.84
Livorno,61,24/04/2020,4,499,0,36,0.07,149.03
Livorno,62,25/04/2020,2,501,1,37,0.07,149.63
Livorno,63,26/04/2020,7,508,1,38,0.07,151.72
Livorno,64,27/04/2020,0,508,0,38,0.07,151.72
Livorno,65,28/04/2020,3,511,2,40,0.08,152.61
Livorno,66,29/04/2020,2,513,4,44,0.09,153.21
Livorno,67,30/04/2020,0,513,0,44,0.09,153.21
Livorno,68,01/05/2020,2,515,0,44,0.09,153.81
Livorno,69,02/05/2020,6,521,1,45,0.09,155.6
Livorno,70,03/05/2020,2,523,0,45,0.09,156.2
Livorno,71,04/05/2020,3,526,1,46,0.09,157.09
Livorno,72,05/05/2020,3,529,0,46,0.09,157.99
Livorno,73,06/05/2020,0,529,0,46,0.09,157.99
Livorno,74,07/05/2020,1,530,4,50,0.09,158.29
Livorno,75,08/05/2020,1,531,0,50,0.09,158.59
Livorno,76,09/05/2020,4,535,0,50,0.09,159.78
Livorno,77,10/05/2020,0,535,0,50,0.09,159.78
Livorno,78,11/05/2020,0,535,1,51,0.1,159.78
Livorno,79,12/05/2020,0,535,2,53,0.1,159.78
Livorno,80,13/05/2020,3,538,0,53,0.1,160.68
Livorno,81,14/05/2020,1,539,0,53,0.1,160.98
Livorno,82,15/05/2020,2,541,0,53,0.1,161.57
Livorno,83,16/05/2020,0,541,0,53,0.1,161.57
Livorno,84,17/05/2020,0,541,2,55,0.1,161.57
Livorno,85,18/05/2020,1,542,0,55,0.1,161.87
Livorno,86,19/05/2020,0,542,0,55,0.1,161.87
Livorno,87,20/05/2020,1,543,2,57,0.1,162.17
Livorno,88,21/05/2020,3,546,0,57,0.1,163.07
Livorno,89,22/05/2020,4,550,0,57,0.1,164.26
Livorno,90,23/05/2020,1,551,1,58,0.1,164.56
Livorno,91,24/05/2020,0,551,0,58,0.1,164.56
Livorno,92,25/05/2020,1,552,0,58,0.1,164.86
Livorno,93,26/05/2020,1,553,0,58,0.1,165.16
Livorno,94,27/05/2020,1,554,0,58,0.1,165.46
Livorno,95,28/05/2020,0,554,0,58,0.1,165.46
Livorno,96,29/05/2020,1,555,0,58,0.1,165.75
Livorno,97,30/05/2020,1,556,0,58,0.1,166.05
Livorno,98,31/05/2020,0,556,0,58,0.1,166.05
Livorno,99,01/06/2020,0,556,0,58,0.1,166.05
Livorno,100,02/06/2020,0,556,0,58,0.1,166.05
Livorno,101,03/06/2020,1,557,1,59,0.11,166.35
Livorno,102,04/06/2020,0,557,0,59,0.11,166.35
Livorno,103,05/06/2020,0,557,0,59,0.11,166.35
Livorno,104,06/06/2020,0,557,2,61,0.11,166.35
Livorno,105,07/06/2020,0,557,0,61,0.11,166.35
Livorno,106,08/06/2020,0,557,0,61,0.11,166.35
Livorno,107,09/06/2020,0,557,0,61,0.11,166.35
Livorno,108,10/06/2020,0,557,0,61,0.11,166.35
Livorno,109,11/06/2020,0,557,0,61,0.11,166.35
Livorno,110,12/06/2020,0,557,0,61,0.11,166.35
Livorno,111,13/06/2020,0,557,0,61,0.11,166.35
Livorno,112,14/06/2020,1,558,0,61,0.11,166.65
Livorno,113,15/06/2020,0,558,0,61,0.11,166.65
Livorno,114,16/06/2020,0,558,0,61,0.11,166.65
Livorno,115,17/06/2020,0,558,0,61,0.11,166.65
Livorno,116,18/06/2020,1,559,0,61,0.11,166.95
Livorno,117,19/06/2020,0,559,0,61,0.11,166.95
Livorno,118,20/06/2020,0,559,0,61,0.11,166.95
Livorno,119,21/06/2020,0,559,0,61,0.11,166.95
Livorno,120,22/06/2020,0,559,0,61,0.11,166.95
Livorno,121,23/06/2020,0,559,0,61,0.11,166.95
Livorno,122,24/06/2020,-83,476,0,61,0.13,142.16
Livorno,123,25/06/2020,0,476,0,61,0.13,142.16
Livorno,124,26/06/2020,0,476,0,61,0.13,142.16
Livorno,125,27/06/2020,0,476,0,61,0.13,142.16
Livorno,126,28/06/2020,1,477,0,61,0.13,142.46
Livorno,127,29/06/2020,0,477,0,61,0.13,142.46
Livorno,128,30/06/2020,0,477,0,61,0.13,142.46
Livorno,129,01/07/2020,0,477,0,61,0.13,142.46
Livorno,130,02/07/2020,0,477,0,61,0.13,142.46
Livorno,131,03/07/2020,1,478,0,61,0.13,142.76
Livorno,132,04/07/2020,1,479,0,61,0.13,143.06
Livorno,133,05/07/2020,0,479,0,61,0.13,143.06
Livorno,134,06/07/2020,0,479,0,61,0.13,143.06
Livorno,135,07/07/2020,0,479,0,61,0.13,143.06
Livorno,136,08/07/2020,0,479,0,61,0.13,143.06
Livorno,137,09/07/2020,0,479,0,61,0.13,143.06
Livorno,138,10/07/2020,0,479,0,61,0.13,143.06
Livorno,139,11/07/2020,0,479,0,61,0.13,143.06
Livorno,140,12/07/2020,0,479,0,61,0.13,143.06
Livorno,141,13/07/2020,0,479,0,61,0.13,143.06
Livorno,142,14/07/2020,0,479,0,61,0.13,143.06
Livorno,143,15/07/2020,0,479,0,61,0.13,143.06
Livorno,144,16/07/2020,0,479,0,61,0.13,143.06
Livorno,145,17/07/2020,2,481,0,61,0.13,143.65
Livorno,146,18/07/2020,0,481,0,61,0.13,143.65
Livorno,147,19/07/2020,0,481,0,61,0.13,143.65
Livorno,148,20/07/2020,1,482,0,61,0.13,143.95
Livorno,149,21/07/2020,0,482,0,61,0.13,143.95
Livorno,150,22/07/2020,0,482,0,61,0.13,143.95
Livorno,151,23/07/2020,1,483,0,61,0.13,144.25
Livorno,152,24/07/2020,0,483,0,61,0.13,144.25
Livorno,153,25/07/2020,1,484,0,61,0.13,144.55
Livorno,154,26/07/2020,0,484,0,61,0.13,144.55
Livorno,155,27/07/2020,0,484,0,61,0.13,144.55
Livorno,156,28/07/2020,0,484,2,63,0.13,144.55
Livorno,157,29/07/2020,0,484,0,63,0.13,144.55
Livorno,158,30/07/2020,0,484,0,63,0.13,144.55
Livorno,159,31/07/2020,0,484,0,63,0.13,144.55
Livorno,160,01/08/2020,0,484,0,63,0.13,144.55
Livorno,161,02/08/2020,1,485,0,63,0.13,144.85
Livorno,162,03/08/2020,0,485,0,63,0.13,144.85
Livorno,163,04/08/2020,2,487,0,63,0.13,145.45
Livorno,164,05/08/2020,0,487,0,63,0.13,145.45
Livorno,165,06/08/2020,1,488,0,63,0.13,145.74
Livorno,166,07/08/2020,1,489,0,63,0.13,146.04
Livorno,167,08/08/2020,1,490,0,63,0.13,146.34
Livorno,168,09/08/2020,4,494,0,63,0.13,147.54
Livorno,169,10/08/2020,0,494,0,63,0.13,147.54
Livorno,170,11/08/2020,0,494,0,63,0.13,147.54
Livorno,171,12/08/2020,0,494,0,63,0.13,147.54
Livorno,172,13/08/2020,1,495,0,63,0.13,147.84
Livorno,173,14/08/2020,1,496,0,63,0.13,148.13
Livorno,174,15/08/2020,2,498,0,63,0.13,148.73
Livorno,175,16/08/2020,8,506,0,63,0.12,151.12
Livorno,176,17/08/2020,2,508,0,63,0.12,151.72
Livorno,177,18/08/2020,0,508,0,63,0.12,151.72
Livorno,178,19/08/2020,3,511,0,63,0.12,152.61
Livorno,179,20/08/2020,3,514,0,63,0.12,153.51
Livorno,180,21/08/2020,5,519,0,63,0.12,155
Livorno,181,22/08/2020,3,522,0,63,0.12,155.9
Livorno,182,23/08/2020,4,526,0,63,0.12,157.09
Livorno,183,24/08/2020,6,532,0,63,0.12,158.89
Livorno,184,25/08/2020,0,532,0,63,0.12,158.89
Livorno,185,26/08/2020,3,535,0,63,0.12,159.78
Livorno,186,27/08/2020,10,545,0,63,0.12,162.77
Livorno,187,28/08/2020,3,548,0,63,0.12,163.66
Livorno,188,29/08/2020,1,549,0,63,0.12,163.96
Livorno,189,30/08/2020,3,552,0,63,0.11,164.86
Livorno,190,31/08/2020,5,557,0,63,0.11,166.35
Livorno,191,01/09/2020,0,557,0,63,0.11,166.35
Livorno,192,02/09/2020,2,559,0,63,0.11,166.95
Livorno,193,03/09/2020,11,570,0,63,0.11,170.23
Livorno,194,04/09/2020,9,579,0,63,0.11,172.92
Livorno,195,05/09/2020,4,583,0,63,0.11,174.12
Livorno,196,06/09/2020,8,591,0,63,0.11,176.51
Livorno,197,07/09/2020,2,593,1,64,0.11,177.1
Livorno,198,08/09/2020,2,595,0,64,0.11,177.7
Livorno,199,09/09/2020,6,601,1,65,0.11,179.49
Livorno,200,10/09/2020,6,607,0,65,0.11,181.28
Livorno,201,11/09/2020,10,617,0,65,0.1,184.27
Livorno,202,12/09/2020,10,627,0,65,0.1,187.26
Livorno,203,13/09/2020,11,638,0,65,0.1,190.54
Livorno,204,14/09/2020,3,641,0,65,0.1,191.44
Livorno,205,15/09/2020,3,644,0,65,0.1,192.34
Livorno,206,16/09/2020,5,649,0,65,0.1,193.83
Livorno,207,17/09/2020,15,664,0,65,0.1,198.31
Livorno,208,18/09/2020,8,672,0,65,0.1,200.7
Livorno,209,19/09/2020,8,680,0,65,0.1,203.09
Livorno,210,20/09/2020,3,683,0,65,0.1,203.98
Livorno,211,21/09/2020,2,685,0,65,0.1,204.58
Livorno,212,22/09/2020,1,686,0,65,0.1,204.88
Livorno,213,23/09/2020,2,688,0,65,0.09,205.48
Livorno,214,24/09/2020,4,692,0,65,0.09,206.67
Livorno,215,25/09/2020,12,704,0,65,0.09,210.25
Livorno,216,26/09/2020,5,709,0,65,0.09,211.75
Livorno,217,27/09/2020,14,723,0,65,0.09,215.93
Livorno,218,28/09/2020,8,731,0,65,0.09,218.32
Livorno,219,29/09/2020,8,739,0,65,0.09,220.71
Livorno,220,30/09/2020,0,739,0,65,0.09,220.71
Livorno,221,01/10/2020,14,753,0,65,0.09,224.89
Livorno,222,02/10/2020,18,771,0,65,0.08,230.26
Livorno,223,03/10/2020,18,789,0,65,0.08,235.64
Livorno,224,04/10/2020,5,794,0,65,0.08,237.13
Livorno,225,05/10/2020,1,795,0,65,0.08,237.43
Livorno,226,06/10/2020,11,806,0,65,0.08,240.72
Livorno,227,07/10/2020,24,830,0,65,0.08,247.89
Livorno,228,08/10/2020,16,846,0,65,0.08,252.66
Livorno,229,09/10/2020,24,870,0,65,0.07,259.83
Livorno,230,10/10/2020,22,892,0,65,0.07,266.4
Livorno,231,11/10/2020,23,915,0,65,0.07,273.27
Livorno,232,12/10/2020,19,934,0,65,0.07,278.95
Livorno,233,13/10/2020,28,962,0,65,0.07,287.31
Livorno,234,14/10/2020,37,999,0,65,0.06,298.36
Livorno,235,15/10/2020,45,1044,0,65,0.06,311.8
Livorno,236,16/10/2020,28,1072,0,65,0.06,320.16
Livorno,237,17/10/2020,51,1123,0,65,0.06,335.39
Livorno,238,18/10/2020,53,1176,0,65,0.06,351.22
Livorno,239,19/10/2020,63,1239,0,65,0.05,370.04
Livorno,240,20/10/2020,42,1281,1,66,0.05,382.58
Livorno,241,21/10/2020,105,1386,0,66,0.05,413.94
Livorno,242,22/10/2020,176,1562,0,66,0.04,466.5
Livorno,243,23/10/2020,109,1671,2,68,0.04,499.06
Livorno,244,24/10/2020,119,1790,3,71,0.04,534.6
Livorno,245,25/10/2020,163,1953,1,72,0.04,583.28
Livorno,246,26/10/2020,210,2163,1,73,0.03,646
Livorno,247,27/10/2020,204,2367,3,76,0.03,706.92
Livorno,248,28/10/2020,114,2481,1,77,0.03,740.97
Livorno,249,29/10/2020,94,2575,1,78,0.03,769.04
Livorno,250,30/10/2020,237,2812,2,80,0.03,839.82
Livorno,251,31/10/2020,205,3017,3,83,0.03,901.05
Livorno,252,01/11/2020,217,3234,2,85,0.03,965.86
Livorno,253,02/11/2020,181,3415,0,85,0.03,1019.91
Livorno,254,03/11/2020,235,3650,1,86,0.02,1090.1
Livorno,255,04/11/2020,123,3773,4,90,0.02,1126.83
Livorno,256,05/11/2020,213,3986,2,92,0.02,1190.45
Livorno,257,06/11/2020,211,4197,0,92,0.02,1253.46
Livorno,258,07/11/2020,170,4367,0,92,0.02,1304.24
Livorno,259,08/11/2020,154,4521,1,93,0.02,1350.23
Livorno,260,09/11/2020,169,4690,7,100,0.02,1400.7
Livorno,261,10/11/2020,201,4891,6,106,0.02,1460.73
Livorno,262,11/11/2020,159,5050,2,108,0.02,1508.22
Livorno,263,12/11/2020,127,5177,6,114,0.02,1546.15
Livorno,264,13/11/2020,150,5327,2,116,0.02,1590.95
Livorno,265,14/11/2020,133,5460,2,118,0.02,1630.67
Livorno,266,15/11/2020,162,5622,3,121,0.02,1679.05
Livorno,267,16/11/2020,97,5719,3,124,0.02,1708.02
Livorno,268,17/11/2020,155,5874,2,126,0.02,1754.31
Livorno,269,18/11/2020,169,6043,0,126,0.02,1804.79
Livorno,270,19/11/2020,164,6207,3,129,0.02,1853.77
Livorno,271,20/11/2020,145,6352,1,130,0.02,1897.07
Livorno,272,21/11/2020,174,6526,5,135,0.02,1949.04
Livorno,273,22/11/2020,115,6641,2,137,0.02,1983.38
Livorno,274,23/11/2020,104,6745,4,141,0.02,2014.44
Livorno,275,24/11/2020,57,6802,4,145,0.02,2031.47
Livorno,276,25/11/2020,83,6885,5,150,0.02,2056.26
Livorno,277,26/11/2020,108,6993,10,160,0.02,2088.51
Livorno,278,27/11/2020,75,7068,9,169,0.02,2110.91
Livorno,279,28/11/2020,66,7134,7,176,0.03,2130.62
Livorno,280,29/11/2020,57,7191,2,178,0.03,2147.64
Livorno,281,30/11/2020,41,7232,2,180,0.03,2159.89
Livorno,282,01/12/2020,59,7291,4,184,0.03,2177.51
Livorno,283,02/12/2020,41,7332,7,191,0.03,2189.75
Livorno,284,03/12/2020,71,7403,3,194,0.03,2210.96
Livorno,285,04/12/2020,70,7473,2,196,0.03,2231.87
Livorno,286,05/12/2020,58,7531,3,199,0.03,2249.19
Livorno,287,06/12/2020,45,7576,9,208,0.03,2262.63
Livorno,288,07/12/2020,54,7630,7,215,0.03,2278.75
Livorno,289,08/12/2020,29,7659,5,220,0.03,2287.42
Livorno,290,09/12/2020,35,7694,0,220,0.03,2297.87
Livorno,291,10/12/2020,27,7721,1,221,0.03,2305.93
Livorno,292,11/12/2020,40,7761,7,228,0.03,2317.88
Livorno,293,12/12/2020,34,7795,0,228,0.03,2328.03
Livorno,294,13/12/2020,42,7837,4,232,0.03,2340.58
Livorno,295,14/12/2020,45,7882,1,233,0.03,2354.02
Livorno,296,15/12/2020,14,7896,4,237,0.03,2358.2
Livorno,297,16/12/2020,41,7937,3,240,0.03,2370.44
Livorno,298,17/12/2020,74,8011,7,247,0.03,2392.54
Livorno,299,18/12/2020,51,8062,2,249,0.03,2407.77
Livorno,300,19/12/2020,59,8121,7,256,0.03,2425.4
Livorno,301,20/12/2020,59,8180,3,259,0.03,2443.02
Livorno,302,21/12/2020,61,8241,0,259,0.03,2461.23
Livorno,303,22/12/2020,19,8260,1,260,0.03,2466.91
Livorno,304,23/12/2020,50,8310,0,260,0.03,2481.84
Livorno,305,24/12/2020,58,8368,2,262,0.03,2499.16
Livorno,306,25/12/2020,74,8442,0,262,0.03,2521.26
Livorno,307,26/12/2020,42,8484,1,263,0.03,2533.81
Livorno,308,27/12/2020,9,8493,1,264,0.03,2536.5
Livorno,309,28/12/2020,26,8519,2,266,0.03,2544.26
Livorno,310,29/12/2020,20,8539,1,267,0.03,2550.23
Livorno,311,30/12/2020,43,8582,1,268,0.03,2563.08
Livorno,312,31/12/2020,54,8636,0,268,0.03,2579.2
Livorno,313,01/01/2021,68,8704,1,269,0.03,2599.51
Livorno,314,02/01/2021,63,8767,0,269,0.03,2618.33
Livorno,315,03/01/2021,41,8808,1,270,0.03,2630.57
Livorno,316,04/01/2021,46,8854,1,271,0.03,2644.31
Livorno,317,05/01/2021,32,8886,3,274,0.03,2653.87
Livorno,318,06/01/2021,44,8930,0,274,0.03,2667.01
Livorno,319,07/01/2021,86,9016,2,276,0.03,2692.69
Livorno,320,08/01/2021,100,9116,1,277,0.03,2722.56
Livorno,321,09/01/2021,69,9185,0,277,0.03,2743.17
Livorno,322,10/01/2021,39,9224,0,277,0.03,2754.81
Livorno,323,11/01/2021,79,9303,2,279,0.03,2778.41
Livorno,324,12/01/2021,12,9315,1,280,0.03,2781.99
Livorno,325,13/01/2021,64,9379,1,281,0.03,2801.11
Livorno,326,14/01/2021,55,9434,0,281,0.03,2817.53
Livorno,327,15/01/2021,49,9483,0,281,0.03,2832.17
Livorno,328,16/01/2021,58,9541,1,282,0.03,2849.49
Livorno,329,17/01/2021,31,9572,2,284,0.03,2858.75
Livorno,330,18/01/2021,63,9635,1,285,0.03,2877.56
Livorno,331,19/01/2021,71,9706,2,287,0.03,2898.77
Livorno,332,20/01/2021,32,9738,2,289,0.03,2908.32
Livorno,333,21/01/2021,76,9814,2,291,0.03,2931.02
Livorno,334,22/01/2021,50,9864,0,291,0.03,2945.95
Livorno,335,23/01/2021,79,9943,4,295,0.03,2969.55
Livorno,336,24/01/2021,57,10000,0,295,0.03,2986.57
Livorno,337,25/01/2021,52,10052,1,296,0.03,3002.1
Livorno,338,26/01/2021,48,10100,0,296,0.03,3016.44
Livorno,339,27/01/2021,54,10154,1,297,0.03,3032.57
Livorno,340,28/01/2021,50,10204,0,297,0.03,3047.5
Livorno,341,29/01/2021,56,10260,1,298,0.03,3064.22
Livorno,342,30/01/2021,82,10342,0,298,0.03,3088.71
Livorno,343,31/01/2021,33,10375,0,298,0.03,3098.57
Livorno,344,01/02/2021,44,10419,1,299,0.03,3111.71
Livorno,345,02/02/2021,47,10466,0,299,0.03,3125.75
Livorno,346,03/02/2021,63,10529,0,299,0.03,3144.56
Livorno,347,04/02/2021,61,10590,0,299,0.03,3162.78
Livorno,348,05/02/2021,58,10648,0,299,0.03,3180.1
Livorno,349,06/02/2021,53,10701,1,300,0.03,3195.93
Livorno,350,07/02/2021,60,10761,4,304,0.03,3213.85
Livorno,351,08/02/2021,46,10807,0,304,0.03,3227.59
Livorno,352,09/02/2021,55,10862,0,304,0.03,3244.01
Livorno,353,10/02/2021,75,10937,3,307,0.03,3266.41
Livorno,354,11/02/2021,61,10998,0,307,0.03,3284.63
Livorno,355,12/02/2021,57,11055,1,308,0.03,3301.66
Livorno,356,13/02/2021,57,11112,0,308,0.03,3318.68
Livorno,357,14/02/2021,27,11139,2,310,0.03,3326.74
Livorno,358,15/02/2021,48,11187,1,311,0.03,3341.08
Livorno,359,16/02/2021,34,11221,0,311,0.03,3351.23
Livorno,360,17/02/2021,50,11271,0,311,0.03,3366.17
Livorno,361,18/02/2021,85,11356,0,311,0.03,3391.55
Livorno,362,19/02/2021,63,11419,3,314,0.03,3410.37
Livorno,363,20/02/2021,61,11480,2,316,0.03,3428.59
Livorno,364,21/02/2021,59,11539,1,317,0.03,3446.21
Livorno,365,22/02/2021,53,11592,0,317,0.03,3462.03
Livorno,366,23/02/2021,60,11652,3,320,0.03,3479.95
Livorno,367,24/02/2021,71,11723,3,323,0.03,3501.16
Livorno,368,25/02/2021,91,11814,3,326,0.03,3528.34
Livorno,369,26/02/2021,57,11871,2,328,0.03,3545.36
Livorno,370,27/02/2021,82,11953,3,331,0.03,3569.85
Livorno,371,28/02/2021,49,12002,2,333,0.03,3584.48
Livorno,372,01/03/2021,50,12052,3,336,0.03,3599.42
Livorno,373,02/03/2021,61,12113,0,336,0.03,3617.64
Livorno,374,03/03/2021,79,12192,3,339,0.03,3641.23
Livorno,375,04/03/2021,81,12273,0,339,0.03,3665.42
Livorno,376,05/03/2021,69,12342,0,339,0.03,3686.03
Livorno,377,06/03/2021,77,12419,0,339,0.03,3709.02
Livorno,378,07/03/2021,63,12482,0,339,0.03,3727.84
Livorno,379,08/03/2021,90,12572,0,339,0.03,3754.72
Livorno,380,09/03/2021,47,12619,0,339,0.03,3768.76
Livorno,381,10/03/2021,75,12694,0,339,0.03,3791.15
Livorno,382,11/03/2021,95,12789,0,339,0.03,3819.53
Livorno,383,12/03/2021,93,12882,1,340,0.03,3847.3
Livorno,384,13/03/2021,58,12940,1,341,0.03,3864.62
Livorno,385,14/03/2021,86,13026,7,348,0.03,3890.31
Livorno,386,15/03/2021,89,13115,0,348,0.03,3916.89
Livorno,387,16/03/2021,72,13187,0,348,0.03,3938.39
Livorno,388,17/03/2021,113,13300,0,348,0.03,3972.14
Livorno,389,18/03/2021,123,13423,0,348,0.03,4008.88
Livorno,390,19/03/2021,86,13509,0,348,0.03,4034.56
Livorno,391,20/03/2021,98,13607,1,349,0.03,4063.83
Livorno,392,21/03/2021,71,13678,4,353,0.03,4085.03
Livorno,393,22/03/2021,58,13736,0,353,0.03,4102.36
Livorno,394,23/03/2021,66,13802,1,354,0.03,4122.07
Livorno,395,24/03/2021,68,13870,0,354,0.03,4142.38
Livorno,396,25/03/2021,88,13958,1,355,0.03,4168.66
Livorno,397,26/03/2021,90,14048,0,355,0.03,4195.54
Livorno,398,27/03/2021,93,14141,2,357,0.03,4223.31
Livorno,399,28/03/2021,97,14238,1,358,0.03,4252.28
Livorno,400,29/03/2021,80,14318,1,359,0.03,4276.17
Livorno,401,30/03/2021,67,14385,1,360,0.03,4296.18
Livorno,402,31/03/2021,134,14519,0,360,0.03,4336.2
Livorno,403,01/04/2021,95,14614,1,361,0.03,4364.58
Livorno,404,02/04/2021,100,14714,3,364,0.03,4394.44
Livorno,405,03/04/2021,142,14856,0,364,0.03,4436.85
Livorno,406,04/04/2021,106,14962,2,366,0.02,4468.51
Livorno,407,05/04/2021,72,15034,0,366,0.02,4490.01
Livorno,408,06/04/2021,70,15104,0,366,0.02,4510.92
Livorno,409,07/04/2021,73,15177,2,368,0.02,4532.72
Livorno,410,08/04/2021,70,15247,0,368,0.02,4553.63
Livorno,411,09/04/2021,94,15341,0,368,0.02,4581.7
Livorno,412,10/04/2021,76,15417,0,368,0.02,4604.4
Livorno,413,11/04/2021,69,15486,3,371,0.02,4625.01
Livorno,414,12/04/2021,55,15541,1,372,0.02,4641.43
Livorno,415,13/04/2021,68,15609,2,374,0.02,4661.74
Livorno,416,14/04/2021,76,15685,0,374,0.02,4684.44
Livorno,417,15/04/2021,70,15755,0,374,0.02,4705.34
Livorno,418,16/04/2021,119,15874,0,374,0.02,4740.88
Livorno,419,17/04/2021,79,15953,1,375,0.02,4764.48
Livorno,420,18/04/2021,37,15990,1,376,0.02,4775.53
Livorno,421,19/04/2021,43,16033,0,376,0.02,4788.37
Livorno,422,20/04/2021,44,16077,0,376,0.02,4801.51
