Province,Day,Date,New_cases,Curr_pos_cases,Deaths,Tot_deaths,Lethality_rate,Cumul_rates
Cosenza,1,24/02/2020,0,0,0,0,0,0
Cosenza,2,25/02/2020,0,0,0,0,0,0
Cosenza,3,26/02/2020,0,0,0,0,0,0
Cosenza,4,27/02/2020,0,0,0,0,0,0
Cosenza,5,28/02/2020,1,1,0,0,0,0.14
Cosenza,6,29/02/2020,0,1,0,0,0,0.14
Cosenza,7,01/03/2020,0,1,0,0,0,0.14
Cosenza,8,02/03/2020,0,1,0,0,0,0.14
Cosenza,9,03/03/2020,0,1,0,0,0,0.14
Cosenza,10,04/03/2020,0,1,0,0,0,0.14
Cosenza,11,05/03/2020,0,1,0,0,0,0.14
Cosenza,12,06/03/2020,0,1,0,0,0,0.14
Cosenza,13,07/03/2020,0,1,0,0,0,0.14
Cosenza,14,08/03/2020,0,1,0,0,0,0.14
Cosenza,15,09/03/2020,3,4,0,0,0,0.57
Cosenza,16,10/03/2020,2,6,0,0,0,0.85
Cosenza,17,11/03/2020,-1,5,0,0,0,0.71
Cosenza,18,12/03/2020,3,8,0,0,0,1.13
Cosenza,19,13/03/2020,2,10,0,0,0,1.42
Cosenza,20,14/03/2020,5,15,0,0,0,2.13
Cosenza,21,15/03/2020,2,17,0,0,0,2.41
Cosenza,22,16/03/2020,0,17,0,0,0,2.41
Cosenza,23,17/03/2020,10,27,0,0,0,3.83
Cosenza,24,18/03/2020,4,31,0,0,0,4.39
Cosenza,25,19/03/2020,7,38,1,1,0.026,5.38
Cosenza,26,20/03/2020,7,45,1,2,0.044,6.38
Cosenza,27,21/03/2020,5,50,0,2,0.04,7.08
Cosenza,28,22/03/2020,13,63,1,3,0.048,8.93
Cosenza,29,23/03/2020,5,68,0,3,0.044,9.64
Cosenza,30,24/03/2020,16,84,2,5,0.06,11.9
Cosenza,31,25/03/2020,15,99,0,5,0.051,14.03
Cosenza,32,26/03/2020,8,107,2,7,0.065,15.16
Cosenza,33,27/03/2020,21,128,1,8,0.062,18.14
Cosenza,34,28/03/2020,26,154,2,10,0.065,21.82
Cosenza,35,29/03/2020,17,171,1,11,0.064,24.23
Cosenza,36,30/03/2020,13,184,0,11,0.06,26.07
Cosenza,37,31/03/2020,2,186,0,11,0.059,26.35
Cosenza,38,01/04/2020,2,188,0,11,0.059,26.64
Cosenza,39,02/04/2020,6,194,1,12,0.062,27.49
Cosenza,40,03/04/2020,9,203,0,12,0.059,28.76
Cosenza,41,04/04/2020,1,204,1,13,0.064,28.91
Cosenza,42,05/04/2020,26,230,3,16,0.07,32.59
Cosenza,43,06/04/2020,13,243,1,17,0.07,34.43
Cosenza,44,07/04/2020,11,254,0,17,0.067,35.99
Cosenza,45,08/04/2020,12,266,0,17,0.064,37.69
Cosenza,46,09/04/2020,9,275,0,17,0.062,38.97
Cosenza,47,10/04/2020,14,289,0,17,0.059,40.95
Cosenza,48,11/04/2020,2,291,0,17,0.058,41.23
Cosenza,49,12/04/2020,0,291,0,17,0.058,41.23
Cosenza,50,13/04/2020,4,295,1,18,0.061,41.8
Cosenza,51,14/04/2020,22,317,1,19,0.06,44.92
Cosenza,52,15/04/2020,1,318,1,20,0.063,45.06
Cosenza,53,16/04/2020,39,357,1,21,0.059,50.58
Cosenza,54,17/04/2020,10,367,0,21,0.057,52
Cosenza,55,18/04/2020,18,385,0,21,0.055,54.55
Cosenza,56,19/04/2020,22,407,2,23,0.057,57.67
Cosenza,57,20/04/2020,1,408,0,23,0.056,57.81
Cosenza,58,21/04/2020,9,417,0,23,0.055,59.09
Cosenza,59,22/04/2020,9,426,0,23,0.054,60.36
Cosenza,60,23/04/2020,4,430,0,23,0.053,60.93
Cosenza,61,24/04/2020,9,439,2,25,0.057,62.2
Cosenza,62,25/04/2020,8,447,0,25,0.056,63.34
Cosenza,63,26/04/2020,0,447,0,25,0.056,63.34
Cosenza,64,27/04/2020,2,449,2,27,0.06,63.62
Cosenza,65,28/04/2020,1,450,0,27,0.06,63.76
Cosenza,66,29/04/2020,0,450,0,27,0.06,63.76
Cosenza,67,30/04/2020,4,454,0,27,0.059,64.33
Cosenza,68,01/05/2020,3,457,0,27,0.059,64.75
Cosenza,69,02/05/2020,0,457,1,28,0.061,64.75
Cosenza,70,03/05/2020,2,459,0,28,0.061,65.04
Cosenza,71,04/05/2020,0,459,1,29,0.063,65.04
Cosenza,72,05/05/2020,0,459,0,29,0.063,65.04
Cosenza,73,06/05/2020,0,459,0,29,0.063,65.04
Cosenza,74,07/05/2020,1,460,0,29,0.063,65.18
Cosenza,75,08/05/2020,0,460,1,30,0.065,65.18
Cosenza,76,09/05/2020,0,460,0,30,0.065,65.18
Cosenza,77,10/05/2020,2,462,1,31,0.067,65.46
Cosenza,78,11/05/2020,1,463,2,33,0.071,65.6
Cosenza,79,12/05/2020,1,464,0,33,0.071,65.75
Cosenza,80,13/05/2020,0,464,0,33,0.071,65.75
Cosenza,81,14/05/2020,1,465,1,34,0.073,65.89
Cosenza,82,15/05/2020,1,466,0,34,0.073,66.03
Cosenza,83,16/05/2020,1,467,0,34,0.073,66.17
Cosenza,84,17/05/2020,0,467,0,34,0.073,66.17
Cosenza,85,18/05/2020,0,467,0,34,0.073,66.17
Cosenza,86,19/05/2020,0,467,0,34,0.073,66.17
Cosenza,87,20/05/2020,1,468,0,34,0.073,66.31
Cosenza,88,21/05/2020,0,468,0,34,0.073,66.31
Cosenza,89,22/05/2020,0,468,0,34,0.073,66.31
Cosenza,90,23/05/2020,0,468,0,34,0.073,66.31
Cosenza,91,24/05/2020,0,468,0,34,0.073,66.31
Cosenza,92,25/05/2020,0,468,0,34,0.073,66.31
Cosenza,93,26/05/2020,0,468,0,34,0.073,66.31
Cosenza,94,27/05/2020,0,468,0,34,0.073,66.31
Cosenza,95,28/05/2020,0,468,0,34,0.073,66.31
Cosenza,96,29/05/2020,0,468,0,34,0.073,66.31
Cosenza,97,30/05/2020,0,468,0,34,0.073,66.31
Cosenza,98,31/05/2020,0,468,0,34,0.073,66.31
Cosenza,99,01/06/2020,0,468,0,34,0.073,66.31
Cosenza,100,02/06/2020,0,468,0,34,0.073,66.31
Cosenza,101,03/06/2020,0,468,0,34,0.073,66.31
Cosenza,102,04/06/2020,0,468,0,34,0.073,66.31
Cosenza,103,05/06/2020,0,468,0,34,0.073,66.31
Cosenza,104,06/06/2020,0,468,0,34,0.073,66.31
Cosenza,105,07/06/2020,0,468,0,34,0.073,66.31
Cosenza,106,08/06/2020,0,468,0,34,0.073,66.31
Cosenza,107,09/06/2020,0,468,0,34,0.073,66.31
Cosenza,108,10/06/2020,0,468,0,34,0.073,66.31
Cosenza,109,11/06/2020,0,468,0,34,0.073,66.31
Cosenza,110,12/06/2020,0,468,0,34,0.073,66.31
Cosenza,111,13/06/2020,0,468,0,34,0.073,66.31
Cosenza,112,14/06/2020,0,468,0,34,0.073,66.31
Cosenza,113,15/06/2020,0,468,0,34,0.073,66.31
Cosenza,114,16/06/2020,0,468,0,34,0.073,66.31
Cosenza,115,17/06/2020,0,468,0,34,0.073,66.31
Cosenza,116,18/06/2020,0,468,0,34,0.073,66.31
Cosenza,117,19/06/2020,0,468,0,34,0.073,66.31
Cosenza,118,20/06/2020,0,468,0,34,0.073,66.31
Cosenza,119,21/06/2020,0,468,0,34,0.073,66.31
Cosenza,120,22/06/2020,0,468,0,34,0.073,66.31
Cosenza,121,23/06/2020,0,468,0,34,0.073,66.31
Cosenza,122,24/06/2020,0,468,0,34,0.073,66.31
Cosenza,123,25/06/2020,0,468,0,34,0.073,66.31
Cosenza,124,26/06/2020,0,468,0,34,0.073,66.31
Cosenza,125,27/06/2020,0,468,0,34,0.073,66.31
Cosenza,126,28/06/2020,0,468,0,34,0.073,66.31
Cosenza,127,29/06/2020,0,468,0,34,0.073,66.31
Cosenza,128,30/06/2020,0,468,0,34,0.073,66.31
Cosenza,129,01/07/2020,0,468,0,34,0.073,66.31
Cosenza,130,02/07/2020,0,468,0,34,0.073,66.31
Cosenza,131,03/07/2020,0,468,0,34,0.073,66.31
Cosenza,132,04/07/2020,1,469,0,34,0.072,66.45
Cosenza,133,05/07/2020,0,469,0,34,0.072,66.45
Cosenza,134,06/07/2020,0,469,0,34,0.072,66.45
Cosenza,135,07/07/2020,0,469,0,34,0.072,66.45
Cosenza,136,08/07/2020,0,469,0,34,0.072,66.45
Cosenza,137,09/07/2020,0,469,0,34,0.072,66.45
Cosenza,138,10/07/2020,0,469,0,34,0.072,66.45
Cosenza,139,11/07/2020,0,469,0,34,0.072,66.45
Cosenza,140,12/07/2020,0,469,0,34,0.072,66.45
Cosenza,141,13/07/2020,0,469,0,34,0.072,66.45
Cosenza,142,14/07/2020,0,469,0,34,0.072,66.45
Cosenza,143,15/07/2020,2,471,0,34,0.072,66.74
Cosenza,144,16/07/2020,8,479,0,34,0.071,67.87
Cosenza,145,17/07/2020,0,479,0,34,0.071,67.87
Cosenza,146,18/07/2020,6,485,0,34,0.07,68.72
Cosenza,147,19/07/2020,1,486,0,34,0.07,68.86
Cosenza,148,20/07/2020,0,486,0,34,0.07,68.86
Cosenza,149,21/07/2020,0,486,0,34,0.07,68.86
Cosenza,150,22/07/2020,1,487,0,34,0.07,69
Cosenza,151,23/07/2020,1,488,0,34,0.07,69.15
Cosenza,152,24/07/2020,0,488,0,34,0.07,69.15
Cosenza,153,25/07/2020,0,488,0,34,0.07,69.15
Cosenza,154,26/07/2020,0,488,0,34,0.07,69.15
Cosenza,155,27/07/2020,0,488,0,34,0.07,69.15
Cosenza,156,28/07/2020,0,488,0,34,0.07,69.15
Cosenza,157,29/07/2020,3,491,0,34,0.069,69.57
Cosenza,158,30/07/2020,1,492,0,34,0.069,69.71
Cosenza,159,31/07/2020,0,492,0,34,0.069,69.71
Cosenza,160,01/08/2020,0,492,0,34,0.069,69.71
Cosenza,161,02/08/2020,0,492,0,34,0.069,69.71
Cosenza,162,03/08/2020,0,492,0,34,0.069,69.71
Cosenza,163,04/08/2020,0,492,0,34,0.069,69.71
Cosenza,164,05/08/2020,0,492,0,34,0.069,69.71
Cosenza,165,06/08/2020,0,492,0,34,0.069,69.71
Cosenza,166,07/08/2020,1,493,0,34,0.069,69.85
Cosenza,167,08/08/2020,0,493,0,34,0.069,69.85
Cosenza,168,09/08/2020,0,493,0,34,0.069,69.85
Cosenza,169,10/08/2020,1,494,0,34,0.069,70
Cosenza,170,11/08/2020,1,495,0,34,0.069,70.14
Cosenza,171,12/08/2020,1,496,0,34,0.069,70.28
Cosenza,172,13/08/2020,1,497,0,34,0.068,70.42
Cosenza,173,14/08/2020,0,497,0,34,0.068,70.42
Cosenza,174,15/08/2020,1,498,0,34,0.068,70.56
Cosenza,175,16/08/2020,0,498,0,34,0.068,70.56
Cosenza,176,17/08/2020,0,498,0,34,0.068,70.56
Cosenza,177,18/08/2020,2,500,0,34,0.068,70.85
Cosenza,178,19/08/2020,0,500,0,34,0.068,70.85
Cosenza,179,20/08/2020,1,501,0,34,0.068,70.99
Cosenza,180,21/08/2020,1,502,0,34,0.068,71.13
Cosenza,181,22/08/2020,4,506,0,34,0.067,71.7
Cosenza,182,23/08/2020,1,507,0,34,0.067,71.84
Cosenza,183,24/08/2020,0,507,0,34,0.067,71.84
Cosenza,184,25/08/2020,1,508,0,34,0.067,71.98
Cosenza,185,26/08/2020,2,510,0,34,0.067,72.26
Cosenza,186,27/08/2020,2,512,0,34,0.066,72.55
Cosenza,187,28/08/2020,2,514,0,34,0.066,72.83
Cosenza,188,29/08/2020,5,519,0,34,0.066,73.54
Cosenza,189,30/08/2020,7,526,0,34,0.065,74.53
Cosenza,190,31/08/2020,0,526,0,34,0.065,74.53
Cosenza,191,01/09/2020,2,528,0,34,0.064,74.81
Cosenza,192,02/09/2020,1,529,0,34,0.064,74.96
Cosenza,193,03/09/2020,8,537,0,34,0.063,76.09
Cosenza,194,04/09/2020,5,542,0,34,0.063,76.8
Cosenza,195,05/09/2020,8,550,0,34,0.062,77.93
Cosenza,196,06/09/2020,8,558,0,34,0.061,79.06
Cosenza,197,07/09/2020,4,562,0,34,0.06,79.63
Cosenza,198,08/09/2020,2,564,0,34,0.06,79.91
Cosenza,199,09/09/2020,35,599,0,34,0.057,84.87
Cosenza,200,10/09/2020,1,600,0,34,0.057,85.02
Cosenza,201,11/09/2020,6,606,0,34,0.056,85.87
Cosenza,202,12/09/2020,-13,593,0,34,0.057,84.02
Cosenza,203,13/09/2020,6,599,0,34,0.057,84.87
Cosenza,204,14/09/2020,0,599,0,34,0.057,84.87
Cosenza,205,15/09/2020,1,600,0,34,0.057,85.02
Cosenza,206,16/09/2020,6,606,0,34,0.056,85.87
Cosenza,207,17/09/2020,8,614,0,34,0.055,87
Cosenza,208,18/09/2020,3,617,0,34,0.055,87.42
Cosenza,209,19/09/2020,2,619,0,34,0.055,87.71
Cosenza,210,20/09/2020,8,627,0,34,0.054,88.84
Cosenza,211,21/09/2020,0,627,0,34,0.054,88.84
Cosenza,212,22/09/2020,0,627,0,34,0.054,88.84
Cosenza,213,23/09/2020,8,635,0,34,0.054,89.97
Cosenza,214,24/09/2020,3,638,0,34,0.053,90.4
Cosenza,215,25/09/2020,0,638,0,34,0.053,90.4
Cosenza,216,26/09/2020,7,645,2,36,0.056,91.39
Cosenza,217,27/09/2020,3,648,0,36,0.056,91.82
Cosenza,218,28/09/2020,0,648,0,36,0.056,91.82
Cosenza,219,29/09/2020,2,650,0,36,0.055,92.1
Cosenza,220,30/09/2020,0,650,0,36,0.055,92.1
Cosenza,221,01/10/2020,1,651,0,36,0.055,92.24
Cosenza,222,02/10/2020,4,655,0,36,0.055,92.81
Cosenza,223,03/10/2020,9,664,0,36,0.054,94.08
Cosenza,224,04/10/2020,8,672,0,36,0.054,95.22
Cosenza,225,05/10/2020,3,675,0,36,0.053,95.64
Cosenza,226,06/10/2020,4,679,0,36,0.053,96.21
Cosenza,227,07/10/2020,1,680,0,36,0.053,96.35
Cosenza,228,08/10/2020,2,682,0,36,0.053,96.63
Cosenza,229,09/10/2020,1,683,1,37,0.054,96.78
Cosenza,230,10/10/2020,8,691,0,37,0.054,97.91
Cosenza,231,11/10/2020,10,701,0,37,0.053,99.33
Cosenza,232,12/10/2020,1,702,0,37,0.053,99.47
Cosenza,233,13/10/2020,5,707,0,37,0.052,100.18
Cosenza,234,14/10/2020,11,718,0,37,0.052,101.74
Cosenza,235,15/10/2020,16,734,0,37,0.05,104
Cosenza,236,16/10/2020,19,753,0,37,0.049,106.69
Cosenza,237,17/10/2020,35,788,0,37,0.047,111.65
Cosenza,238,18/10/2020,24,812,0,37,0.046,115.05
Cosenza,239,19/10/2020,32,844,0,37,0.044,119.59
Cosenza,240,20/10/2020,23,867,0,37,0.043,122.85
Cosenza,241,21/10/2020,49,916,1,38,0.041,129.79
Cosenza,242,22/10/2020,82,998,0,38,0.038,141.41
Cosenza,243,23/10/2020,38,1036,0,38,0.037,146.79
Cosenza,244,24/10/2020,91,1127,0,38,0.034,159.69
Cosenza,245,25/10/2020,62,1189,0,38,0.032,168.47
Cosenza,246,26/10/2020,66,1255,1,39,0.031,177.82
Cosenza,247,27/10/2020,44,1299,1,40,0.031,184.06
Cosenza,248,28/10/2020,51,1350,2,42,0.031,191.29
Cosenza,249,29/10/2020,96,1446,0,42,0.029,204.89
Cosenza,250,30/10/2020,67,1513,0,42,0.028,214.38
Cosenza,251,31/10/2020,76,1589,2,44,0.028,225.15
Cosenza,252,01/11/2020,79,1668,1,45,0.027,236.34
Cosenza,253,02/11/2020,101,1769,0,45,0.025,250.65
Cosenza,254,03/11/2020,104,1873,0,45,0.024,265.39
Cosenza,255,04/11/2020,58,1931,1,46,0.024,273.61
Cosenza,256,05/11/2020,85,2016,3,49,0.024,285.65
Cosenza,257,06/11/2020,39,2055,1,50,0.024,291.18
Cosenza,258,07/11/2020,94,2149,2,52,0.024,304.5
Cosenza,259,08/11/2020,61,2210,0,52,0.024,313.14
Cosenza,260,09/11/2020,199,2409,2,54,0.022,341.34
Cosenza,261,10/11/2020,110,2519,1,55,0.022,356.92
Cosenza,262,11/11/2020,78,2597,3,58,0.022,367.98
Cosenza,263,12/11/2020,109,2706,0,58,0.021,383.42
Cosenza,264,13/11/2020,65,2771,5,63,0.023,392.63
Cosenza,265,14/11/2020,63,2834,2,65,0.023,401.56
Cosenza,266,15/11/2020,65,2899,2,67,0.023,410.77
Cosenza,267,16/11/2020,72,2971,1,68,0.023,420.97
Cosenza,268,17/11/2020,186,3157,5,73,0.023,447.32
Cosenza,269,18/11/2020,287,3444,4,77,0.022,487.99
Cosenza,270,19/11/2020,68,3512,3,80,0.023,497.62
Cosenza,271,20/11/2020,83,3595,6,86,0.024,509.39
Cosenza,272,21/11/2020,195,3790,3,89,0.023,537.02
Cosenza,273,22/11/2020,136,3926,5,94,0.024,556.29
Cosenza,274,23/11/2020,139,4065,3,97,0.024,575.98
Cosenza,275,24/11/2020,129,4194,1,98,0.023,594.26
Cosenza,276,25/11/2020,82,4276,4,102,0.024,605.88
Cosenza,277,26/11/2020,102,4378,0,102,0.023,620.33
Cosenza,278,27/11/2020,187,4565,2,104,0.023,646.83
Cosenza,279,28/11/2020,241,4806,2,106,0.022,680.97
Cosenza,280,29/11/2020,203,5009,7,113,0.023,709.74
Cosenza,281,30/11/2020,63,5072,6,119,0.023,718.67
Cosenza,282,01/12/2020,165,5237,4,123,0.023,742.04
Cosenza,283,02/12/2020,164,5401,6,129,0.024,765.28
Cosenza,284,03/12/2020,132,5533,6,135,0.024,783.99
Cosenza,285,04/12/2020,130,5663,3,138,0.024,802.41
Cosenza,286,05/12/2020,128,5791,3,141,0.024,820.54
Cosenza,287,06/12/2020,131,5922,0,141,0.024,839.1
Cosenza,288,07/12/2020,43,5965,2,143,0.024,845.2
Cosenza,289,08/12/2020,43,6008,5,148,0.025,851.29
Cosenza,290,09/12/2020,36,6044,3,151,0.025,856.39
Cosenza,291,10/12/2020,59,6103,4,155,0.025,864.75
Cosenza,292,11/12/2020,77,6180,3,158,0.026,875.66
Cosenza,293,12/12/2020,78,6258,2,160,0.026,886.71
Cosenza,294,13/12/2020,112,6370,5,165,0.026,902.58
Cosenza,295,14/12/2020,26,6396,1,166,0.026,906.27
Cosenza,296,15/12/2020,14,6410,0,166,0.026,908.25
Cosenza,297,16/12/2020,40,6450,0,166,0.026,913.92
Cosenza,298,17/12/2020,55,6505,0,166,0.026,921.71
Cosenza,299,18/12/2020,59,6564,0,166,0.025,930.07
Cosenza,300,19/12/2020,46,6610,0,166,0.025,936.59
Cosenza,301,20/12/2020,37,6647,1,167,0.025,941.83
Cosenza,302,21/12/2020,22,6669,8,175,0.026,944.95
Cosenza,303,22/12/2020,31,6700,1,176,0.026,949.34
Cosenza,304,23/12/2020,74,6774,2,178,0.026,959.83
Cosenza,305,24/12/2020,54,6828,1,179,0.026,967.48
Cosenza,306,25/12/2020,27,6855,2,181,0.026,971.3
Cosenza,307,26/12/2020,24,6879,1,182,0.026,974.7
Cosenza,308,27/12/2020,25,6904,1,183,0.027,978.25
Cosenza,309,28/12/2020,15,6919,4,187,0.027,980.37
Cosenza,310,29/12/2020,54,6973,0,187,0.027,988.02
Cosenza,311,30/12/2020,90,7063,14,201,0.028,1000.78
Cosenza,312,31/12/2020,139,7202,0,201,0.028,1020.47
Cosenza,313,01/01/2021,99,7301,3,204,0.028,1034.5
Cosenza,314,02/01/2021,18,7319,1,205,0.028,1037.05
Cosenza,315,03/01/2021,21,7340,3,208,0.028,1040.02
Cosenza,316,04/01/2021,11,7351,1,209,0.028,1041.58
Cosenza,317,05/01/2021,14,7365,4,213,0.029,1043.57
Cosenza,318,06/01/2021,138,7503,1,214,0.029,1063.12
Cosenza,319,07/01/2021,50,7553,1,215,0.028,1070.2
Cosenza,320,08/01/2021,85,7638,2,217,0.028,1082.25
Cosenza,321,09/01/2021,77,7715,0,217,0.028,1093.16
Cosenza,322,10/01/2021,183,7898,1,218,0.028,1119.09
Cosenza,323,11/01/2021,8,7906,2,220,0.028,1120.22
Cosenza,324,12/01/2021,39,7945,0,220,0.028,1125.75
Cosenza,325,13/01/2021,84,8029,1,221,0.028,1137.65
Cosenza,326,14/01/2021,93,8122,3,224,0.028,1150.83
Cosenza,327,15/01/2021,117,8239,3,227,0.028,1167.41
Cosenza,328,16/01/2021,57,8296,1,228,0.027,1175.48
Cosenza,329,17/01/2021,118,8414,1,229,0.027,1192.2
Cosenza,330,18/01/2021,107,8521,0,229,0.027,1207.36
