Province;Day;Date;New_cases;Curr_pos_cases;Deaths;Tot_deaths;Lethality_rate;Cumul_rates
Cosenza;1;24/02/2020;0;0;0;0;0;0
Cosenza;2;25/02/2020;0;0;0;0;0;0
Cosenza;3;26/02/2020;0;0;0;0;0;0
Cosenza;4;27/02/2020;0;0;0;0;0;0
Cosenza;5;28/02/2020;1;1;0;0;0;0.14
Cosenza;6;29/02/2020;0;1;0;0;0;0.14
Cosenza;7;01/03/2020;0;1;0;0;0;0.14
Cosenza;8;02/03/2020;0;1;0;0;0;0.14
Cosenza;9;03/03/2020;0;1;0;0;0;0.14
Cosenza;10;04/03/2020;0;1;0;0;0;0.14
Cosenza;11;05/03/2020;0;1;0;0;0;0.14
Cosenza;12;06/03/2020;0;1;0;0;0;0.14
Cosenza;13;07/03/2020;0;1;0;0;0;0.14
Cosenza;14;08/03/2020;0;1;0;0;0;0.14
Cosenza;15;09/03/2020;3;4;0;0;0;0.57
Cosenza;16;10/03/2020;2;6;0;0;0;0.85
Cosenza;17;11/03/2020;-1;5;0;0;0;0.71
Cosenza;18;12/03/2020;3;8;0;0;0;1.13
Cosenza;19;13/03/2020;2;10;0;0;0;1.42
Cosenza;20;14/03/2020;5;15;0;0;0;2.13
Cosenza;21;15/03/2020;2;17;0;0;0;2.41
Cosenza;22;16/03/2020;0;17;0;0;0;2.41
Cosenza;23;17/03/2020;10;27;0;0;0;3.83
Cosenza;24;18/03/2020;4;31;0;0;0;4.39
Cosenza;25;19/03/2020;7;38;1;1;0.03;5.38
Cosenza;26;20/03/2020;7;45;1;2;0.04;6.38
Cosenza;27;21/03/2020;5;50;0;2;0.04;7.08
Cosenza;28;22/03/2020;13;63;1;3;0.05;8.93
Cosenza;29;23/03/2020;5;68;0;3;0.04;9.64
Cosenza;30;24/03/2020;16;84;2;5;0.06;11.9
Cosenza;31;25/03/2020;15;99;0;5;0.05;14.03
Cosenza;32;26/03/2020;8;107;2;7;0.06;15.16
Cosenza;33;27/03/2020;21;128;1;8;0.06;18.14
Cosenza;34;28/03/2020;26;154;2;10;0.06;21.82
Cosenza;35;29/03/2020;17;171;1;11;0.06;24.23
Cosenza;36;30/03/2020;13;184;0;11;0.06;26.07
Cosenza;37;31/03/2020;2;186;0;11;0.06;26.35
Cosenza;38;01/04/2020;2;188;0;11;0.06;26.64
Cosenza;39;02/04/2020;6;194;1;12;0.06;27.49
Cosenza;40;03/04/2020;9;203;0;12;0.06;28.76
Cosenza;41;04/04/2020;1;204;1;13;0.06;28.91
Cosenza;42;05/04/2020;26;230;3;16;0.07;32.59
Cosenza;43;06/04/2020;13;243;1;17;0.07;34.43
Cosenza;44;07/04/2020;11;254;0;17;0.07;35.99
Cosenza;45;08/04/2020;12;266;0;17;0.06;37.69
Cosenza;46;09/04/2020;9;275;0;17;0.06;38.97
Cosenza;47;10/04/2020;14;289;0;17;0.06;40.95
Cosenza;48;11/04/2020;2;291;0;17;0.06;41.23
Cosenza;49;12/04/2020;0;291;0;17;0.06;41.23
Cosenza;50;13/04/2020;4;295;1;18;0.06;41.8
Cosenza;51;14/04/2020;22;317;1;19;0.06;44.92
Cosenza;52;15/04/2020;1;318;1;20;0.06;45.06
Cosenza;53;16/04/2020;39;357;1;21;0.06;50.58
Cosenza;54;17/04/2020;10;367;0;21;0.06;52
Cosenza;55;18/04/2020;18;385;0;21;0.06;54.55
Cosenza;56;19/04/2020;22;407;2;23;0.06;57.67
Cosenza;57;20/04/2020;1;408;0;23;0.06;57.81
Cosenza;58;21/04/2020;9;417;0;23;0.06;59.09
Cosenza;59;22/04/2020;9;426;0;23;0.05;60.36
Cosenza;60;23/04/2020;4;430;0;23;0.05;60.93
Cosenza;61;24/04/2020;9;439;2;25;0.06;62.2
Cosenza;62;25/04/2020;8;447;0;25;0.06;63.34
Cosenza;63;26/04/2020;0;447;0;25;0.06;63.34
Cosenza;64;27/04/2020;2;449;2;27;0.06;63.62
Cosenza;65;28/04/2020;1;450;0;27;0.06;63.76
Cosenza;66;29/04/2020;0;450;0;27;0.06;63.76
Cosenza;67;30/04/2020;4;454;0;27;0.06;64.33
Cosenza;68;01/05/2020;3;457;0;27;0.06;64.75
Cosenza;69;02/05/2020;0;457;1;28;0.06;64.75
Cosenza;70;03/05/2020;2;459;0;28;0.06;65.04
Cosenza;71;04/05/2020;0;459;1;29;0.06;65.04
Cosenza;72;05/05/2020;0;459;0;29;0.06;65.04
Cosenza;73;06/05/2020;0;459;0;29;0.06;65.04
Cosenza;74;07/05/2020;1;460;0;29;0.06;65.18
Cosenza;75;08/05/2020;0;460;1;30;0.06;65.18
Cosenza;76;09/05/2020;0;460;0;30;0.06;65.18
Cosenza;77;10/05/2020;2;462;1;31;0.07;65.46
Cosenza;78;11/05/2020;1;463;2;33;0.07;65.6
Cosenza;79;12/05/2020;1;464;0;33;0.07;65.75
Cosenza;80;13/05/2020;0;464;0;33;0.07;65.75
Cosenza;81;14/05/2020;1;465;1;34;0.07;65.89
Cosenza;82;15/05/2020;1;466;0;34;0.07;66.03
Cosenza;83;16/05/2020;1;467;0;34;0.07;66.17
Cosenza;84;17/05/2020;0;467;0;34;0.07;66.17
Cosenza;85;18/05/2020;0;467;0;34;0.07;66.17
Cosenza;86;19/05/2020;0;467;0;34;0.07;66.17
Cosenza;87;20/05/2020;1;468;0;34;0.07;66.31
Cosenza;88;21/05/2020;0;468;0;34;0.07;66.31
Cosenza;89;22/05/2020;0;468;0;34;0.07;66.31
Cosenza;90;23/05/2020;0;468;0;34;0.07;66.31
Cosenza;91;24/05/2020;0;468;0;34;0.07;66.31
Cosenza;92;25/05/2020;0;468;0;34;0.07;66.31
Cosenza;93;26/05/2020;0;468;0;34;0.07;66.31
Cosenza;94;27/05/2020;0;468;0;34;0.07;66.31
Cosenza;95;28/05/2020;0;468;0;34;0.07;66.31
Cosenza;96;29/05/2020;0;468;0;34;0.07;66.31
Cosenza;97;30/05/2020;0;468;0;34;0.07;66.31
Cosenza;98;31/05/2020;0;468;0;34;0.07;66.31
Cosenza;99;01/06/2020;0;468;0;34;0.07;66.31
Cosenza;100;02/06/2020;0;468;0;34;0.07;66.31
Cosenza;101;03/06/2020;0;468;0;34;0.07;66.31
Cosenza;102;04/06/2020;0;468;0;34;0.07;66.31
Cosenza;103;05/06/2020;0;468;0;34;0.07;66.31
Cosenza;104;06/06/2020;0;468;0;34;0.07;66.31
Cosenza;105;07/06/2020;0;468;0;34;0.07;66.31
Cosenza;106;08/06/2020;0;468;0;34;0.07;66.31
Cosenza;107;09/06/2020;0;468;0;34;0.07;66.31
Cosenza;108;10/06/2020;0;468;0;34;0.07;66.31
Cosenza;109;11/06/2020;0;468;0;34;0.07;66.31
Cosenza;110;12/06/2020;0;468;0;34;0.07;66.31
Cosenza;111;13/06/2020;0;468;0;34;0.07;66.31
Cosenza;112;14/06/2020;0;468;0;34;0.07;66.31
Cosenza;113;15/06/2020;0;468;0;34;0.07;66.31
Cosenza;114;16/06/2020;0;468;0;34;0.07;66.31
Cosenza;115;17/06/2020;0;468;0;34;0.07;66.31
Cosenza;116;18/06/2020;0;468;0;34;0.07;66.31
Cosenza;117;19/06/2020;0;468;0;34;0.07;66.31
Cosenza;118;20/06/2020;0;468;0;34;0.07;66.31
Cosenza;119;21/06/2020;0;468;0;34;0.07;66.31
Cosenza;120;22/06/2020;0;468;0;34;0.07;66.31
Cosenza;121;23/06/2020;0;468;0;34;0.07;66.31
Cosenza;122;24/06/2020;0;468;0;34;0.07;66.31
Cosenza;123;25/06/2020;0;468;0;34;0.07;66.31
Cosenza;124;26/06/2020;0;468;0;34;0.07;66.31
Cosenza;125;27/06/2020;0;468;0;34;0.07;66.31
Cosenza;126;28/06/2020;0;468;0;34;0.07;66.31
Cosenza;127;29/06/2020;0;468;0;34;0.07;66.31
Cosenza;128;30/06/2020;0;468;0;34;0.07;66.31
Cosenza;129;01/07/2020;0;468;0;34;0.07;66.31
Cosenza;130;02/07/2020;0;468;0;34;0.07;66.31
Cosenza;131;03/07/2020;0;468;0;34;0.07;66.31
Cosenza;132;04/07/2020;1;469;0;34;0.07;66.45
Cosenza;133;05/07/2020;0;469;0;34;0.07;66.45
Cosenza;134;06/07/2020;0;469;0;34;0.07;66.45
Cosenza;135;07/07/2020;0;469;0;34;0.07;66.45
Cosenza;136;08/07/2020;0;469;0;34;0.07;66.45
Cosenza;137;09/07/2020;0;469;0;34;0.07;66.45
Cosenza;138;10/07/2020;0;469;0;34;0.07;66.45
Cosenza;139;11/07/2020;0;469;0;34;0.07;66.45
Cosenza;140;12/07/2020;0;469;0;34;0.07;66.45
Cosenza;141;13/07/2020;0;469;0;34;0.07;66.45
Cosenza;142;14/07/2020;0;469;0;34;0.07;66.45
Cosenza;143;15/07/2020;2;471;0;34;0.07;66.74
Cosenza;144;16/07/2020;8;479;0;34;0.07;67.87
Cosenza;145;17/07/2020;0;479;0;34;0.07;67.87
Cosenza;146;18/07/2020;6;485;0;34;0.07;68.72
Cosenza;147;19/07/2020;1;486;0;34;0.07;68.86
Cosenza;148;20/07/2020;0;486;0;34;0.07;68.86
Cosenza;149;21/07/2020;0;486;0;34;0.07;68.86
Cosenza;150;22/07/2020;1;487;0;34;0.07;69
Cosenza;151;23/07/2020;1;488;0;34;0.07;69.15
Cosenza;152;24/07/2020;0;488;0;34;0.07;69.15
Cosenza;153;25/07/2020;0;488;0;34;0.07;69.15
Cosenza;154;26/07/2020;0;488;0;34;0.07;69.15
Cosenza;155;27/07/2020;0;488;0;34;0.07;69.15
Cosenza;156;28/07/2020;0;488;0;34;0.07;69.15
Cosenza;157;29/07/2020;3;491;0;34;0.07;69.57
Cosenza;158;30/07/2020;1;492;0;34;0.07;69.71
Cosenza;159;31/07/2020;0;492;0;34;0.07;69.71
Cosenza;160;01/08/2020;0;492;0;34;0.07;69.71
Cosenza;161;02/08/2020;0;492;0;34;0.07;69.71
Cosenza;162;03/08/2020;0;492;0;34;0.07;69.71
Cosenza;163;04/08/2020;0;492;0;34;0.07;69.71
Cosenza;164;05/08/2020;0;492;0;34;0.07;69.71
Cosenza;165;06/08/2020;0;492;0;34;0.07;69.71
Cosenza;166;07/08/2020;1;493;0;34;0.07;69.85
Cosenza;167;08/08/2020;0;493;0;34;0.07;69.85
Cosenza;168;09/08/2020;0;493;0;34;0.07;69.85
Cosenza;169;10/08/2020;1;494;0;34;0.07;70
Cosenza;170;11/08/2020;1;495;0;34;0.07;70.14
Cosenza;171;12/08/2020;1;496;0;34;0.07;70.28
Cosenza;172;13/08/2020;1;497;0;34;0.07;70.42
Cosenza;173;14/08/2020;0;497;0;34;0.07;70.42
Cosenza;174;15/08/2020;1;498;0;34;0.07;70.56
Cosenza;175;16/08/2020;0;498;0;34;0.07;70.56
Cosenza;176;17/08/2020;0;498;0;34;0.07;70.56
Cosenza;177;18/08/2020;2;500;0;34;0.07;70.85
Cosenza;178;19/08/2020;0;500;0;34;0.07;70.85
Cosenza;179;20/08/2020;1;501;0;34;0.07;70.99
Cosenza;180;21/08/2020;1;502;0;34;0.07;71.13
Cosenza;181;22/08/2020;4;506;0;34;0.07;71.7
Cosenza;182;23/08/2020;1;507;0;34;0.07;71.84
Cosenza;183;24/08/2020;0;507;0;34;0.07;71.84
Cosenza;184;25/08/2020;1;508;0;34;0.07;71.98
Cosenza;185;26/08/2020;2;510;0;34;0.07;72.26
Cosenza;186;27/08/2020;2;512;0;34;0.07;72.55
Cosenza;187;28/08/2020;2;514;0;34;0.07;72.83
Cosenza;188;29/08/2020;5;519;0;34;0.07;73.54
Cosenza;189;30/08/2020;7;526;0;34;0.06;74.53
Cosenza;190;31/08/2020;0;526;0;34;0.06;74.53
Cosenza;191;01/09/2020;2;528;0;34;0.06;74.81
Cosenza;192;02/09/2020;1;529;0;34;0.06;74.96
Cosenza;193;03/09/2020;8;537;0;34;0.06;76.09
Cosenza;194;04/09/2020;5;542;0;34;0.06;76.8
Cosenza;195;05/09/2020;8;550;0;34;0.06;77.93
Cosenza;196;06/09/2020;8;558;0;34;0.06;79.06
Cosenza;197;07/09/2020;4;562;0;34;0.06;79.63
Cosenza;198;08/09/2020;2;564;0;34;0.06;79.91
Cosenza;199;09/09/2020;35;599;0;34;0.06;84.87
Cosenza;200;10/09/2020;1;600;0;34;0.06;85.02
Cosenza;201;11/09/2020;6;606;0;34;0.06;85.87
Cosenza;202;12/09/2020;-13;593;0;34;0.06;84.02
Cosenza;203;13/09/2020;6;599;0;34;0.06;84.87
Cosenza;204;14/09/2020;0;599;0;34;0.06;84.87
Cosenza;205;15/09/2020;1;600;0;34;0.06;85.02
Cosenza;206;16/09/2020;6;606;0;34;0.06;85.87
Cosenza;207;17/09/2020;8;614;0;34;0.06;87
Cosenza;208;18/09/2020;3;617;0;34;0.06;87.42
Cosenza;209;19/09/2020;2;619;0;34;0.06;87.71
Cosenza;210;20/09/2020;8;627;0;34;0.05;88.84
Cosenza;211;21/09/2020;0;627;0;34;0.05;88.84
Cosenza;212;22/09/2020;0;627;0;34;0.05;88.84
Cosenza;213;23/09/2020;8;635;0;34;0.05;89.97
Cosenza;214;24/09/2020;3;638;0;34;0.05;90.4
Cosenza;215;25/09/2020;0;638;0;34;0.05;90.4
Cosenza;216;26/09/2020;7;645;2;36;0.06;91.39
Cosenza;217;27/09/2020;3;648;0;36;0.06;91.82
Cosenza;218;28/09/2020;0;648;0;36;0.06;91.82
Cosenza;219;29/09/2020;2;650;0;36;0.06;92.1
Cosenza;220;30/09/2020;0;650;0;36;0.06;92.1
Cosenza;221;01/10/2020;1;651;0;36;0.06;92.24
Cosenza;222;02/10/2020;4;655;0;36;0.06;92.81
Cosenza;223;03/10/2020;9;664;0;36;0.05;94.08
Cosenza;224;04/10/2020;8;672;0;36;0.05;95.22
Cosenza;225;05/10/2020;3;675;0;36;0.05;95.64
Cosenza;226;06/10/2020;4;679;0;36;0.05;96.21
Cosenza;227;07/10/2020;1;680;0;36;0.05;96.35
Cosenza;228;08/10/2020;2;682;0;36;0.05;96.63
Cosenza;229;09/10/2020;1;683;1;37;0.05;96.78
Cosenza;230;10/10/2020;8;691;0;37;0.05;97.91
Cosenza;231;11/10/2020;10;701;0;37;0.05;99.33
Cosenza;232;12/10/2020;1;702;0;37;0.05;99.47
Cosenza;233;13/10/2020;5;707;0;37;0.05;100.18
Cosenza;234;14/10/2020;11;718;0;37;0.05;101.74
Cosenza;235;15/10/2020;16;734;0;37;0.05;104
Cosenza;236;16/10/2020;19;753;0;37;0.05;106.69
Cosenza;237;17/10/2020;35;788;0;37;0.05;111.65
Cosenza;238;18/10/2020;24;812;0;37;0.05;115.05
Cosenza;239;19/10/2020;32;844;0;37;0.04;119.59
Cosenza;240;20/10/2020;23;867;0;37;0.04;122.85
Cosenza;241;21/10/2020;49;916;1;38;0.04;129.79
Cosenza;242;22/10/2020;82;998;0;38;0.04;141.41
Cosenza;243;23/10/2020;38;1036;0;38;0.04;146.79
Cosenza;244;24/10/2020;91;1127;0;38;0.03;159.69
Cosenza;245;25/10/2020;62;1189;0;38;0.03;168.47
Cosenza;246;26/10/2020;66;1255;1;39;0.03;177.82
Cosenza;247;27/10/2020;44;1299;1;40;0.03;184.06
Cosenza;248;28/10/2020;51;1350;2;42;0.03;191.29
Cosenza;249;29/10/2020;96;1446;0;42;0.03;204.89
Cosenza;250;30/10/2020;67;1513;0;42;0.03;214.38
Cosenza;251;31/10/2020;76;1589;2;44;0.03;225.15
Cosenza;252;01/11/2020;79;1668;1;45;0.03;236.34
Cosenza;253;02/11/2020;101;1769;0;45;0.03;250.65
Cosenza;254;03/11/2020;104;1873;0;45;0.02;265.39
Cosenza;255;04/11/2020;58;1931;1;46;0.02;273.61
Cosenza;256;05/11/2020;85;2016;3;49;0.02;285.65
Cosenza;257;06/11/2020;39;2055;1;50;0.02;291.18
Cosenza;258;07/11/2020;94;2149;2;52;0.02;304.5
Cosenza;259;08/11/2020;61;2210;0;52;0.02;313.14
Cosenza;260;09/11/2020;199;2409;2;54;0.02;341.34
Cosenza;261;10/11/2020;110;2519;1;55;0.02;356.92
Cosenza;262;11/11/2020;78;2597;3;58;0.02;367.98
Cosenza;263;12/11/2020;109;2706;0;58;0.02;383.42
Cosenza;264;13/11/2020;65;2771;5;63;0.02;392.63
Cosenza;265;14/11/2020;63;2834;2;65;0.02;401.56
Cosenza;266;15/11/2020;65;2899;2;67;0.02;410.77
Cosenza;267;16/11/2020;72;2971;1;68;0.02;420.97
Cosenza;268;17/11/2020;186;3157;5;73;0.02;447.32
Cosenza;269;18/11/2020;287;3444;4;77;0.02;487.99
Cosenza;270;19/11/2020;68;3512;3;80;0.02;497.62
Cosenza;271;20/11/2020;83;3595;6;86;0.02;509.39
Cosenza;272;21/11/2020;195;3790;3;89;0.02;537.02
Cosenza;273;22/11/2020;136;3926;5;94;0.02;556.29
Cosenza;274;23/11/2020;139;4065;3;97;0.02;575.98
Cosenza;275;24/11/2020;129;4194;1;98;0.02;594.26
Cosenza;276;25/11/2020;82;4276;4;102;0.02;605.88
Cosenza;277;26/11/2020;102;4378;0;102;0.02;620.33
Cosenza;278;27/11/2020;187;4565;2;104;0.02;646.83
Cosenza;279;28/11/2020;241;4806;2;106;0.02;680.97
Cosenza;280;29/11/2020;203;5009;7;113;0.02;709.74
Cosenza;281;30/11/2020;63;5072;6;119;0.02;718.67
Cosenza;282;01/12/2020;165;5237;4;123;0.02;742.04
Cosenza;283;02/12/2020;164;5401;6;129;0.02;765.28
Cosenza;284;03/12/2020;132;5533;6;135;0.02;783.99
Cosenza;285;04/12/2020;130;5663;3;138;0.02;802.41
Cosenza;286;05/12/2020;128;5791;3;141;0.02;820.54
Cosenza;287;06/12/2020;131;5922;0;141;0.02;839.1
Cosenza;288;07/12/2020;43;5965;2;143;0.02;845.2
Cosenza;289;08/12/2020;43;6008;5;148;0.03;851.29
Cosenza;290;09/12/2020;36;6044;3;151;0.03;856.39
Cosenza;291;10/12/2020;59;6103;4;155;0.03;864.75
Cosenza;292;11/12/2020;77;6180;3;158;0.03;875.66
Cosenza;293;12/12/2020;78;6258;2;160;0.03;886.71
Cosenza;294;13/12/2020;112;6370;5;165;0.03;902.58
Cosenza;295;14/12/2020;26;6396;1;166;0.03;906.27
Cosenza;296;15/12/2020;14;6410;0;166;0.03;908.25
Cosenza;297;16/12/2020;40;6450;0;166;0.03;913.92
Cosenza;298;17/12/2020;55;6505;0;166;0.03;921.71
Cosenza;299;18/12/2020;59;6564;0;166;0.03;930.07
Cosenza;300;19/12/2020;46;6610;0;166;0.03;936.59
Cosenza;301;20/12/2020;37;6647;1;167;0.03;941.83
Cosenza;302;21/12/2020;22;6669;8;175;0.03;944.95
Cosenza;303;22/12/2020;31;6700;1;176;0.03;949.34
Cosenza;304;23/12/2020;74;6774;2;178;0.03;959.83
Cosenza;305;24/12/2020;54;6828;1;179;0.03;967.48
Cosenza;306;25/12/2020;27;6855;2;181;0.03;971.3
Cosenza;307;26/12/2020;24;6879;1;182;0.03;974.7
Cosenza;308;27/12/2020;25;6904;1;183;0.03;978.25
Cosenza;309;28/12/2020;15;6919;4;187;0.03;980.37
Cosenza;310;29/12/2020;54;6973;0;187;0.03;988.02
Cosenza;311;30/12/2020;90;7063;14;201;0.03;1000.78
Cosenza;312;31/12/2020;139;7202;0;201;0.03;1020.47
Cosenza;313;01/01/2021;99;7301;3;204;0.03;1034.5
Cosenza;314;02/01/2021;18;7319;1;205;0.03;1037.05
Cosenza;315;03/01/2021;21;7340;3;208;0.03;1040.02
Cosenza;316;04/01/2021;11;7351;1;209;0.03;1041.58
Cosenza;317;05/01/2021;14;7365;4;213;0.03;1043.57
Cosenza;318;06/01/2021;138;7503;1;214;0.03;1063.12
Cosenza;319;07/01/2021;50;7553;1;215;0.03;1070.2
Cosenza;320;08/01/2021;85;7638;2;217;0.03;1082.25
Cosenza;321;09/01/2021;77;7715;0;217;0.03;1093.16
Cosenza;322;10/01/2021;183;7898;1;218;0.03;1119.09
Cosenza;323;11/01/2021;8;7906;2;220;0.03;1120.22
Cosenza;324;12/01/2021;39;7945;0;220;0.03;1125.75
Cosenza;325;13/01/2021;84;8029;1;221;0.03;1137.65
Cosenza;326;14/01/2021;93;8122;3;224;0.03;1150.83
Cosenza;327;15/01/2021;117;8239;3;227;0.03;1167.41
Cosenza;328;16/01/2021;57;8296;1;228;0.03;1175.48
Cosenza;329;17/01/2021;118;8414;1;229;0.03;1192.2
Cosenza;330;18/01/2021;107;8521;1;230;0.03;1207.36
Cosenza;331;19/01/2021;24;8545;0;230;0.03;1210.76
Cosenza;332;20/01/2021;70;8615;2;232;0.03;1220.68
Cosenza;333;21/01/2021;123;8738;4;236;0.03;1238.11
Cosenza;334;22/01/2021;134;8872;2;238;0.03;1257.1
Cosenza;335;23/01/2021;183;9055;2;240;0.03;1283.03
Cosenza;336;24/01/2021;39;9094;2;242;0.03;1288.55
Cosenza;337;25/01/2021;102;9196;1;243;0.03;1303.01
Cosenza;338;26/01/2021;93;9289;4;247;0.03;1316.18
Cosenza;339;27/01/2021;75;9364;0;247;0.03;1326.81
Cosenza;340;28/01/2021;90;9454;2;249;0.03;1339.56
Cosenza;341;29/01/2021;55;9509;1;250;0.03;1347.36
Cosenza;342;30/01/2021;84;9593;1;251;0.03;1359.26
Cosenza;343;31/01/2021;72;9665;3;254;0.03;1369.46
Cosenza;344;01/02/2021;56;9721;1;255;0.03;1377.39
Cosenza;345;02/02/2021;43;9764;2;257;0.03;1383.49
Cosenza;346;03/02/2021;115;9879;3;260;0.03;1399.78
Cosenza;347;04/02/2021;64;9943;0;260;0.03;1408.85
Cosenza;348;05/02/2021;34;9977;0;260;0.03;1413.67
Cosenza;349;06/02/2021;68;10045;0;260;0.03;1423.3
Cosenza;350;07/02/2021;23;10068;2;262;0.03;1426.56
Cosenza;351;08/02/2021;44;10112;0;262;0.03;1432.8
Cosenza;352;09/02/2021;23;10135;0;262;0.03;1436.05
Cosenza;353;10/02/2021;67;10202;0;262;0.03;1445.55
Cosenza;354;11/02/2021;49;10251;1;263;0.03;1452.49
Cosenza;355;12/02/2021;26;10277;1;264;0.03;1456.18
Cosenza;356;13/02/2021;66;10343;1;265;0.03;1465.53
Cosenza;357;14/02/2021;35;10378;0;265;0.03;1470.49
Cosenza;358;15/02/2021;29;10407;0;265;0.03;1474.6
Cosenza;359;16/02/2021;18;10425;0;265;0.03;1477.15
Cosenza;360;17/02/2021;79;10504;4;269;0.03;1488.34
Cosenza;361;18/02/2021;45;10549;0;269;0.03;1494.72
Cosenza;362;19/02/2021;22;10571;0;269;0.03;1497.83
Cosenza;363;20/02/2021;79;10650;0;269;0.03;1509.03
Cosenza;364;21/02/2021;53;10703;0;269;0.03;1516.54
Cosenza;365;22/02/2021;6;10709;0;269;0.03;1517.39
Cosenza;366;23/02/2021;5;10714;0;269;0.03;1518.09
Cosenza;367;24/02/2021;49;10763;0;269;0.03;1525.04
Cosenza;368;25/02/2021;52;10815;0;269;0.03;1532.41
Cosenza;369;26/02/2021;59;10874;0;269;0.03;1540.77
Cosenza;370;27/02/2021;71;10945;1;270;0.03;1550.83
Cosenza;371;28/02/2021;45;10990;2;272;0.03;1557.2
Cosenza;372;01/03/2021;11;11001;1;273;0.03;1558.76
Cosenza;373;02/03/2021;18;11019;0;273;0.03;1561.31
Cosenza;374;03/03/2021;61;11080;1;274;0.03;1569.95
Cosenza;375;04/03/2021;93;11173;0;274;0.03;1583.13
Cosenza;376;05/03/2021;92;11265;0;274;0.02;1596.17
Cosenza;377;06/03/2021;118;11383;1;275;0.02;1612.89
Cosenza;378;07/03/2021;109;11492;0;275;0.02;1628.33
Cosenza;379;08/03/2021;3;11495;0;275;0.02;1628.76
Cosenza;380;09/03/2021;22;11517;0;275;0.02;1631.87
Cosenza;381;10/03/2021;121;11638;0;275;0.02;1649.02
Cosenza;382;11/03/2021;120;11758;1;276;0.02;1666.02
Cosenza;383;12/03/2021;73;11831;3;279;0.02;1676.37
Cosenza;384;13/03/2021;103;11934;1;280;0.02;1690.96
Cosenza;385;14/03/2021;115;12049;0;280;0.02;1707.25
Cosenza;386;15/03/2021;119;12168;0;280;0.02;1724.12
Cosenza;387;16/03/2021;111;12279;0;280;0.02;1739.84
Cosenza;388;17/03/2021;70;12349;0;280;0.02;1749.76
Cosenza;389;18/03/2021;169;12518;0;280;0.02;1773.71
Cosenza;390;19/03/2021;157;12675;0;280;0.02;1795.95
Cosenza;391;20/03/2021;173;12848;4;284;0.02;1820.47
Cosenza;392;21/03/2021;228;13076;3;287;0.02;1852.77
Cosenza;393;22/03/2021;58;13134;1;288;0.02;1860.99
Cosenza;394;23/03/2021;108;13242;0;288;0.02;1876.29
Cosenza;395;24/03/2021;172;13414;4;292;0.02;1900.66
Cosenza;396;25/03/2021;257;13671;3;295;0.02;1937.08
Cosenza;397;26/03/2021;186;13857;2;297;0.02;1963.43
Cosenza;398;27/03/2021;262;14119;3;300;0.02;2000.56
Cosenza;399;28/03/2021;191;14310;2;302;0.02;2027.62
Cosenza;400;29/03/2021;52;14362;0;302;0.02;2034.99
Cosenza;401;30/03/2021;107;14469;0;302;0.02;2050.15
Cosenza;402;31/03/2021;110;14579;3;305;0.02;2065.74
Cosenza;403;01/04/2021;173;14752;0;305;0.02;2090.25
Cosenza;404;02/04/2021;178;14930;8;313;0.02;2115.47
Cosenza;405;03/04/2021;166;15096;0;313;0.02;2138.99
Cosenza;406;04/04/2021;207;15303;0;313;0.02;2168.32
Cosenza;407;05/04/2021;124;15427;6;319;0.02;2185.89
Cosenza;408;06/04/2021;75;15502;3;322;0.02;2196.52
Cosenza;409;07/04/2021;91;15593;4;326;0.02;2209.41
Cosenza;410;08/04/2021;227;15820;0;326;0.02;2241.58
Cosenza;411;09/04/2021;211;16031;0;326;0.02;2271.47
Cosenza;412;10/04/2021;139;16170;6;332;0.02;2291.17
Cosenza;413;11/04/2021;323;16493;4;336;0.02;2336.94
Cosenza;414;12/04/2021;115;16608;0;336;0.02;2353.23
Cosenza;415;13/04/2021;233;16841;3;339;0.02;2386.25
Cosenza;416;14/04/2021;247;17088;4;343;0.02;2421.24
Cosenza;417;15/04/2021;277;17365;0;343;0.02;2460.49
Cosenza;418;16/04/2021;171;17536;4;347;0.02;2484.72
Cosenza;419;17/04/2021;184;17720;5;352;0.02;2510.79
Cosenza;420;18/04/2021;243;17963;3;355;0.02;2545.22
Cosenza;421;19/04/2021;24;17987;3;358;0.02;2548.63
Cosenza;422;20/04/2021;182;18169;1;359;0.02;2574.41
Cosenza;423;21/04/2021;214;18383;2;361;0.02;2604.74
Cosenza;424;22/04/2021;130;18513;6;367;0.02;2623.16
Cosenza;425;23/04/2021;395;18908;0;367;0.02;2679.12
Cosenza;426;24/04/2021;227;19135;0;367;0.02;2711.29
Cosenza;427;25/04/2021;247;19382;3;370;0.02;2746.29
Cosenza;428;26/04/2021;11;19393;0;370;0.02;2747.85
Cosenza;429;27/04/2021;115;19508;0;370;0.02;2764.14
Cosenza;430;28/04/2021;156;19664;3;373;0.02;2786.24
Cosenza;431;29/04/2021;184;19848;0;373;0.02;2812.32
Cosenza;432;30/04/2021;107;19955;0;373;0.02;2827.48
Cosenza;433;01/05/2021;167;20122;0;373;0.02;2851.14
Cosenza;434;02/05/2021;162;20284;2;375;0.02;2874.09
Cosenza;435;03/05/2021;85;20369;6;381;0.02;2886.14
Cosenza;436;04/05/2021;69;20438;4;385;0.02;2895.91
Cosenza;437;05/05/2021;99;20537;2;387;0.02;2909.94
Cosenza;438;06/05/2021;116;20653;2;389;0.02;2926.38
Cosenza;439;07/05/2021;188;20841;0;389;0.02;2953.02
Cosenza;440;08/05/2021;118;20959;0;389;0.02;2969.74
Cosenza;441;09/05/2021;141;21100;0;389;0.02;2989.71
Cosenza;442;10/05/2021;47;21147;3;392;0.02;2996.37
Cosenza;443;11/05/2021;20;21167;3;395;0.02;2999.21
Cosenza;444;12/05/2021;134;21301;0;395;0.02;3018.19
Cosenza;445;13/05/2021;110;21411;2;397;0.02;3033.78
Cosenza;446;14/05/2021;122;21533;0;397;0.02;3051.07
Cosenza;447;15/05/2021;72;21605;3;400;0.02;3061.27
Cosenza;448;16/05/2021;53;21658;3;403;0.02;3068.78
Cosenza;449;17/05/2021;11;21669;1;404;0.02;3070.34
Cosenza;450;18/05/2021;5;21674;0;404;0.02;3071.05
Cosenza;451;19/05/2021;105;21779;0;404;0.02;3085.92
Cosenza;452;20/05/2021;41;21820;1;405;0.02;3091.73
Cosenza;453;21/05/2021;72;21892;0;405;0.02;3101.94
Cosenza;454;22/05/2021;52;21944;0;405;0.02;3109.3
Cosenza;455;23/05/2021;70;22014;0;405;0.02;3119.22
Cosenza;456;24/05/2021;4;22018;2;407;0.02;3119.79
Cosenza;457;25/05/2021;21;22039;3;410;0.02;3122.76
Cosenza;458;26/05/2021;93;22132;3;413;0.02;3135.94
Cosenza;459;27/05/2021;61;22193;0;413;0.02;3144.58
Cosenza;460;28/05/2021;6;22199;4;417;0.02;3145.43
Cosenza;461;29/05/2021;67;22266;0;417;0.02;3154.93
Cosenza;462;30/05/2021;23;22289;1;418;0.02;3158.19
Cosenza;463;31/05/2021;7;22296;0;418;0.02;3159.18
Cosenza;464;01/06/2021;28;22324;0;418;0.02;3163.15
Cosenza;465;02/06/2021;52;22376;0;418;0.02;3170.51
Cosenza;466;03/06/2021;46;22422;0;418;0.02;3177.03
Cosenza;467;04/06/2021;73;22495;4;422;0.02;3187.38
Cosenza;468;05/06/2021;22;22517;0;422;0.02;3190.49
Cosenza;469;06/06/2021;57;22574;0;422;0.02;3198.57
Cosenza;470;07/06/2021;15;22589;0;422;0.04;3200.69
Cosenza;471;08/06/2021;5;22594;0;422;0.04;3201.4
Cosenza;472;09/06/2021;62;22656;0;422;0.04;3210.19
Cosenza;473;10/06/2021;27;22683;0;422;0.04;3214.01
