Province,Day,Date,New_cases,Curr_pos_cases,Deaths,Tot_deaths,Lethality_rate,Cumul_rates
Cosenza,1,24/02/2020,0,0,0,0,0.0,0.0
Cosenza,2,25/02/2020,0,0,0,0,0.0,0.0
Cosenza,3,26/02/2020,0,0,0,0,0.0,0.0
Cosenza,4,27/02/2020,0,0,0,0,0.0,0.0
Cosenza,5,28/02/2020,1,1,0,0,0.0,0.141692632
Cosenza,6,29/02/2020,0,1,0,0,0.0,0.141692632
Cosenza,7,01/03/2020,0,1,0,0,0.0,0.141692632
Cosenza,8,02/03/2020,0,1,0,0,0.0,0.141692632
Cosenza,9,03/03/2020,0,1,0,0,0.0,0.141692632
Cosenza,10,04/03/2020,0,1,0,0,0.0,0.141692632
Cosenza,11,05/03/2020,0,1,0,0,0.0,0.141692632
Cosenza,12,06/03/2020,0,1,0,0,0.0,0.141692632
Cosenza,13,07/03/2020,0,1,0,0,0.0,0.141692632
Cosenza,14,08/03/2020,0,1,0,0,0.0,0.141692632
Cosenza,15,09/03/2020,3,4,0,0,0.0,0.5667705270000001
Cosenza,16,10/03/2020,2,6,0,0,0.0,0.8501557909999999
Cosenza,17,11/03/2020,-1,5,0,0,0.0,0.708463159
Cosenza,18,12/03/2020,3,8,0,0,0.0,1.133541055
Cosenza,19,13/03/2020,2,10,0,0,0.0,1.416926318
Cosenza,20,14/03/2020,5,15,0,0,0.0,2.125389478
Cosenza,21,15/03/2020,2,17,0,0,0.0,2.408774741
Cosenza,22,16/03/2020,0,17,0,0,0.0,2.408774741
Cosenza,23,17/03/2020,10,27,0,0,0.0,3.82570106
Cosenza,24,18/03/2020,4,31,0,0,0.0,4.392471587
Cosenza,25,19/03/2020,7,38,1,1,0.026,5.38432001
Cosenza,26,20/03/2020,7,45,1,2,0.044,6.376168432999999
Cosenza,27,21/03/2020,5,50,0,2,0.04,7.084631592
Cosenza,28,22/03/2020,13,63,1,3,0.048,8.926635806
Cosenza,29,23/03/2020,5,68,0,3,0.044,9.635098965
Cosenza,30,24/03/2020,16,84,2,5,0.06,11.90218107
Cosenza,31,25/03/2020,15,99,0,5,0.051,14.02757055
Cosenza,32,26/03/2020,8,107,2,7,0.065,15.16111161
Cosenza,33,27/03/2020,21,128,1,8,0.062,18.13665688
Cosenza,34,28/03/2020,26,154,2,10,0.065,21.8206653
Cosenza,35,29/03/2020,17,171,1,11,0.064,24.22944004
Cosenza,36,30/03/2020,13,184,0,11,0.06,26.07144426
Cosenza,37,31/03/2020,2,186,0,11,0.059,26.35482952
Cosenza,38,01/04/2020,2,188,0,11,0.059,26.63821479
Cosenza,39,02/04/2020,6,194,1,12,0.062,27.48837058
Cosenza,40,03/04/2020,9,203,0,12,0.059,28.76360426
Cosenza,41,04/04/2020,1,204,1,13,0.064,28.9052969
Cosenza,42,05/04/2020,26,230,3,16,0.07,32.58930532
Cosenza,43,06/04/2020,13,243,1,17,0.07,34.43130954
Cosenza,44,07/04/2020,11,254,0,17,0.067,35.98992849
Cosenza,45,08/04/2020,12,266,0,17,0.064,37.69024007
Cosenza,46,09/04/2020,9,275,0,17,0.062,38.96547376
Cosenza,47,10/04/2020,14,289,0,17,0.059,40.9491706
Cosenza,48,11/04/2020,2,291,0,17,0.058,41.23255587
Cosenza,49,12/04/2020,0,291,0,17,0.058,41.23255587
Cosenza,50,13/04/2020,4,295,1,18,0.061,41.79932639
Cosenza,51,14/04/2020,22,317,1,19,0.06,44.91656429
Cosenza,52,15/04/2020,1,318,1,20,0.063,45.05825693
Cosenza,53,16/04/2020,39,357,1,21,0.059,50.58426957
Cosenza,54,17/04/2020,10,367,0,21,0.057,52.00119589
Cosenza,55,18/04/2020,18,385,0,21,0.055,54.55166326
Cosenza,56,19/04/2020,22,407,2,23,0.057,57.66890116
Cosenza,57,20/04/2020,1,408,0,23,0.056,57.81059379
Cosenza,58,21/04/2020,9,417,0,23,0.055,59.08582748
Cosenza,59,22/04/2020,9,426,0,23,0.054000000000000006,60.36106116
Cosenza,60,23/04/2020,4,430,0,23,0.053,60.92783169
Cosenza,61,24/04/2020,9,439,2,25,0.057,62.20306538
Cosenza,62,25/04/2020,8,447,0,25,0.056,63.33660643
Cosenza,63,26/04/2020,0,447,0,25,0.056,63.33660643
Cosenza,64,27/04/2020,2,449,2,27,0.06,63.6199917
Cosenza,65,28/04/2020,1,450,0,27,0.06,63.76168433
Cosenza,66,29/04/2020,0,450,0,27,0.06,63.76168433
Cosenza,67,30/04/2020,4,454,0,27,0.059,64.32845486
Cosenza,68,01/05/2020,3,457,0,27,0.059,64.75353275
Cosenza,69,02/05/2020,0,457,1,28,0.061,64.75353275
Cosenza,70,03/05/2020,2,459,0,28,0.061,65.03691802
Cosenza,71,04/05/2020,0,459,1,29,0.063,65.03691802
Cosenza,72,05/05/2020,0,459,0,29,0.063,65.03691802
Cosenza,73,06/05/2020,0,459,0,29,0.063,65.03691802
Cosenza,74,07/05/2020,1,460,0,29,0.063,65.17861065
Cosenza,75,08/05/2020,0,460,1,30,0.065,65.17861065
Cosenza,76,09/05/2020,0,460,0,30,0.065,65.17861065
Cosenza,77,10/05/2020,2,462,1,31,0.067,65.46199591
Cosenza,78,11/05/2020,1,463,2,33,0.071,65.60368854
Cosenza,79,12/05/2020,1,464,0,33,0.071,65.74538117
Cosenza,80,13/05/2020,0,464,0,33,0.071,65.74538117
Cosenza,81,14/05/2020,1,465,1,34,0.073,65.88707381
Cosenza,82,15/05/2020,1,466,0,34,0.073,66.02876644
Cosenza,83,16/05/2020,1,467,0,34,0.073,66.17045907
Cosenza,84,17/05/2020,0,467,0,34,0.073,66.17045907
Cosenza,85,18/05/2020,0,467,0,34,0.073,66.17045907
Cosenza,86,19/05/2020,0,467,0,34,0.073,66.17045907
Cosenza,87,20/05/2020,1,468,0,34,0.073,66.3121517
Cosenza,88,21/05/2020,0,468,0,34,0.073,66.3121517
Cosenza,89,22/05/2020,0,468,0,34,0.073,66.3121517
Cosenza,90,23/05/2020,0,468,0,34,0.073,66.3121517
Cosenza,91,24/05/2020,0,468,0,34,0.073,66.3121517
Cosenza,92,25/05/2020,0,468,0,34,0.073,66.3121517
Cosenza,93,26/05/2020,0,468,0,34,0.073,66.3121517
Cosenza,94,27/05/2020,0,468,0,34,0.073,66.3121517
Cosenza,95,28/05/2020,0,468,0,34,0.073,66.3121517
Cosenza,96,29/05/2020,0,468,0,34,0.073,66.3121517
Cosenza,97,30/05/2020,0,468,0,34,0.073,66.3121517
Cosenza,98,31/05/2020,0,468,0,34,0.073,66.3121517
Cosenza,99,01/06/2020,0,468,0,34,0.073,66.3121517
Cosenza,100,02/06/2020,0,468,0,34,0.073,66.3121517
Cosenza,101,03/06/2020,0,468,0,34,0.073,66.3121517
Cosenza,102,04/06/2020,0,468,0,34,0.073,66.3121517
Cosenza,103,05/06/2020,0,468,0,34,0.073,66.3121517
Cosenza,104,06/06/2020,0,468,0,34,0.073,66.3121517
Cosenza,105,07/06/2020,0,468,0,34,0.073,66.3121517
Cosenza,106,08/06/2020,0,468,0,34,0.073,66.3121517
Cosenza,107,09/06/2020,0,468,0,34,0.073,66.3121517
Cosenza,108,10/06/2020,0,468,0,34,0.073,66.3121517
Cosenza,109,11/06/2020,0,468,0,34,0.073,66.3121517
Cosenza,110,12/06/2020,0,468,0,34,0.073,66.3121517
Cosenza,111,13/06/2020,0,468,0,34,0.073,66.3121517
Cosenza,112,14/06/2020,0,468,0,34,0.073,66.3121517
Cosenza,113,15/06/2020,0,468,0,34,0.073,66.3121517
Cosenza,114,16/06/2020,0,468,0,34,0.073,66.3121517
Cosenza,115,17/06/2020,0,468,0,34,0.073,66.3121517
Cosenza,116,18/06/2020,0,468,0,34,0.073,66.3121517
Cosenza,117,19/06/2020,0,468,0,34,0.073,66.3121517
Cosenza,118,20/06/2020,0,468,0,34,0.073,66.3121517
Cosenza,119,21/06/2020,0,468,0,34,0.073,66.3121517
Cosenza,120,22/06/2020,0,468,0,34,0.073,66.3121517
Cosenza,121,23/06/2020,0,468,0,34,0.073,66.3121517
Cosenza,122,24/06/2020,0,468,0,34,0.073,66.3121517
Cosenza,123,25/06/2020,0,468,0,34,0.073,66.3121517
Cosenza,124,26/06/2020,0,468,0,34,0.073,66.3121517
Cosenza,125,27/06/2020,0,468,0,34,0.073,66.3121517
Cosenza,126,28/06/2020,0,468,0,34,0.073,66.3121517
Cosenza,127,29/06/2020,0,468,0,34,0.073,66.3121517
Cosenza,128,30/06/2020,0,468,0,34,0.073,66.3121517
Cosenza,129,01/07/2020,0,468,0,34,0.073,66.3121517
Cosenza,130,02/07/2020,0,468,0,34,0.073,66.3121517
Cosenza,131,03/07/2020,0,468,0,34,0.073,66.3121517
Cosenza,132,04/07/2020,1,469,0,34,0.07200000000000001,66.45384433
Cosenza,133,05/07/2020,0,469,0,34,0.07200000000000001,66.45384433
Cosenza,134,06/07/2020,0,469,0,34,0.07200000000000001,66.45384433
Cosenza,135,07/07/2020,0,469,0,34,0.07200000000000001,66.45384433
Cosenza,136,08/07/2020,0,469,0,34,0.07200000000000001,66.45384433
Cosenza,137,09/07/2020,0,469,0,34,0.07200000000000001,66.45384433
Cosenza,138,10/07/2020,0,469,0,34,0.07200000000000001,66.45384433
Cosenza,139,11/07/2020,0,469,0,34,0.07200000000000001,66.45384433
Cosenza,140,12/07/2020,0,469,0,34,0.07200000000000001,66.45384433
Cosenza,141,13/07/2020,0,469,0,34,0.07200000000000001,66.45384433
Cosenza,142,14/07/2020,0,469,0,34,0.07200000000000001,66.45384433
Cosenza,143,15/07/2020,2,471,0,34,0.07200000000000001,66.73722959999999
Cosenza,144,16/07/2020,8,479,0,34,0.071,67.87077065
Cosenza,145,17/07/2020,0,479,0,34,0.071,67.87077065
Cosenza,146,18/07/2020,6,485,0,34,0.07,68.72092644
Cosenza,147,19/07/2020,1,486,0,34,0.07,68.86261907
Cosenza,148,20/07/2020,0,486,0,34,0.07,68.86261907
Cosenza,149,21/07/2020,0,486,0,34,0.07,68.86261907
Cosenza,150,22/07/2020,1,487,0,34,0.07,69.00431171
Cosenza,151,23/07/2020,1,488,0,34,0.07,69.14600434
Cosenza,152,24/07/2020,0,488,0,34,0.07,69.14600434
Cosenza,153,25/07/2020,0,488,0,34,0.07,69.14600434
Cosenza,154,26/07/2020,0,488,0,34,0.07,69.14600434
Cosenza,155,27/07/2020,0,488,0,34,0.07,69.14600434
Cosenza,156,28/07/2020,0,488,0,34,0.07,69.14600434
Cosenza,157,29/07/2020,3,491,0,34,0.069,69.57108223
Cosenza,158,30/07/2020,1,492,0,34,0.069,69.71277487
Cosenza,159,31/07/2020,0,492,0,34,0.069,69.71277487
Cosenza,160,01/08/2020,0,492,0,34,0.069,69.71277487
Cosenza,161,02/08/2020,0,492,0,34,0.069,69.71277487
Cosenza,162,03/08/2020,0,492,0,34,0.069,69.71277487
Cosenza,163,04/08/2020,0,492,0,34,0.069,69.71277487
Cosenza,164,05/08/2020,0,492,0,34,0.069,69.71277487
Cosenza,165,06/08/2020,0,492,0,34,0.069,69.71277487
Cosenza,166,07/08/2020,1,493,0,34,0.069,69.8544675
Cosenza,167,08/08/2020,0,493,0,34,0.069,69.8544675
Cosenza,168,09/08/2020,0,493,0,34,0.069,69.8544675
Cosenza,169,10/08/2020,1,494,0,34,0.069,69.8544675
Cosenza,170,11/08/2020,1,495,0,34,0.069,69.8544675
Cosenza,171,12/08/2020,1,496,0,34,0.069,69.8544675
Cosenza,172,13/08/2020,1,497,0,34,0.068,69.8544675
Cosenza,173,14/08/2020,0,497,0,34,0.068,69.8544675
Cosenza,174,15/08/2020,1,498,0,34,0.068,69.8544675
Cosenza,175,16/08/2020,0,498,0,34,0.068,69.8544675
Cosenza,176,17/08/2020,0,498,0,34,0.068,70.5629306570429
Cosenza,177,18/08/2020,2,500,0,34,0.068,70.8463159207258
Cosenza,178,19/08/2020,0,500,0,34,0.068,70.8463159207258
Cosenza,179,20/08/2020,1,501,0,34,0.068,70.98800855256725
Cosenza,180,21/08/2020,1,502,0,34,0.068,71.1297011844087
Cosenza,181,22/08/2020,4,506,0,34,0.067,71.6964717117745
Cosenza,182,23/08/2020,1,507,0,34,0.067,71.83816434361596
Cosenza,183,24/08/2020,0,507,0,34,0.067,71.83816434361596
Cosenza,184,25/08/2020,1,508,0,34,0.067,71.97985697545741
Cosenza,185,26/08/2020,2,510,0,34,0.067,72.26324223914031
Cosenza,186,27/08/2020,2,512,0,34,0.066,72.5466275028232
Cosenza,187,28/08/2020,2,514,0,34,0.066,72.83001276650613
Cosenza,188,29/08/2020,5,519,0,34,0.066,73.53847592571337
Cosenza,189,30/08/2020,7,526,0,34,0.065,74.53032434860354
Cosenza,190,31/08/2020,0,526,0,34,0.065,74.53032434860354
Cosenza,191,01/09/2020,2,528,0,34,0.064,74.81370961228643
Cosenza,192,02/09/2020,1,529,0,34,0.064,74.9554022441279
Cosenza,193,03/09/2020,8,537,0,34,0.063,76.0889432988595
Cosenza,194,04/09/2020,5,542,0,34,0.063,76.79740645806677
Cosenza,195,05/09/2020,8,550,0,34,0.062,77.93094751279838
Cosenza,196,06/09/2020,8,558,0,34,0.061,79.06448856752998
Cosenza,197,07/09/2020,4,562,0,34,0.06,79.6312590948958
Cosenza,198,08/09/2020,2,564,0,34,0.06,79.9146443585787
Cosenza,199,09/09/2020,35,599,0,34,0.057,84.87388647302951
Cosenza,200,10/09/2020,1,600,0,34,0.057,85.01557910487097
Cosenza,201,11/09/2020,6,606,0,34,0.056,85.86573489591969
Cosenza,202,12/09/2020,-13,593,0,34,0.057,84.02373068198081
Cosenza,203,13/09/2020,6,599,0,34,0.057,84.87388647302953
Cosenza,204,14/09/2020,0,599,0,34,0.057,84.87388647302953
Cosenza,205,15/09/2020,1,600,0,34,0.057,85.01557910487098
Cosenza,206,16/09/2020,6,606,0,34,0.056,85.86573489591969
Cosenza,207,17/09/2020,8,614,0,34,0.055,86.9992759506513
Cosenza,208,18/09/2020,3,617,0,34,0.055,87.42435384617565
Cosenza,209,19/09/2020,2,619,0,34,0.055,87.70773910985855
Cosenza,210,20/09/2020,0,619,0,34,0.055,87.70773910985855
Cosenza,211,21/09/2020,8,627,0,34,0.054000000000000006,88.84128016459015
Cosenza,212,22/09/2020,0,627,0,34,0.054000000000000006,88.84128016459015
Cosenza,213,23/09/2020,0,627,0,34,0.054000000000000006,88.84128016459015
Cosenza,214,24/09/2020,8,635,0,34,0.054000000000000006,89.97482121932178
Cosenza,215,25/09/2020,3,638,0,34,0.053,90.39989911484614
Cosenza,216,26/09/2020,0,638,0,34,0.05329153605015674,90.39989911484614
Cosenza,217,27/09/2020,7,645,0,34,0.05271317829457364,91.3917475377363
