Province,Day,Date,New_cases,Curr_pos_cases,Deaths,Tot_deaths,Lethality_rate,Cumul_rates
Reggio di Calabria,1,2020-02-24,0,0,0,0,0.0,0.0
Reggio di Calabria,2,2020-02-25,0,0,0,0,0.0,0.0
Reggio di Calabria,3,2020-02-26,0,0,0,0,0.0,0.0
Reggio di Calabria,4,2020-02-27,0,0,0,0,0.0,0.0
Reggio di Calabria,5,2020-02-28,0,0,0,0,0.0,0.0
Reggio di Calabria,6,2020-02-29,0,0,0,0,0.0,0.0
Reggio di Calabria,7,2020-03-01,0,0,0,0,0.0,0.0
Reggio di Calabria,8,2020-03-02,0,0,0,0,0.0,0.0
Reggio di Calabria,9,2020-03-03,0,0,0,0,0.0,0.0
Reggio di Calabria,10,2020-03-04,0,0,0,0,0.0,0.0
Reggio di Calabria,11,2020-03-05,0,0,0,0,0.0,0.0
Reggio di Calabria,12,2020-03-06,1,1,0,0,0.0,0.1824787549109589
Reggio di Calabria,13,2020-03-07,0,1,0,0,0.0,0.1824787549109589
Reggio di Calabria,14,2020-03-08,0,1,0,0,0.0,0.1824787549109589
Reggio di Calabria,15,2020-03-09,1,2,0,0,0.0,0.364957509821919
Reggio di Calabria,16,2020-03-10,1,3,0,0,0.0,0.547436264732878
Reggio di Calabria,17,2020-03-11,3,6,0,0,0.0,1.09487252946576
Reggio di Calabria,18,2020-03-12,5,11,0,0,0.0,2.00726630402055
Reggio di Calabria,19,2020-03-13,2,13,0,0,0.0,2.3722238138424703
Reggio di Calabria,20,2020-03-14,5,18,1,1,0.0555555555555556,3.28461758839727
Reggio di Calabria,21,2020-03-15,4,22,0,1,0.0454545454545455,4.01453260804111
Reggio di Calabria,22,2020-03-16,0,22,0,1,0.0454545454545455,4.01453260804111
Reggio di Calabria,23,2020-03-17,24,46,0,1,0.0217391304347826,8.39402272590414
Reggio di Calabria,24,2020-03-18,1,47,0,1,0.0212765957446809,8.5765014808151
Reggio di Calabria,25,2020-03-19,10,57,0,1,0.0175438596491228,10.4012890299247
Reggio di Calabria,26,2020-03-20,16,73,0,1,0.0136986301369863,13.320949108499999
Reggio di Calabria,27,2020-03-21,11,84,1,2,0.0238095238095238,15.3282154125206
Reggio di Calabria,28,2020-03-22,4,88,1,3,0.0340909090909091,16.0581304321644
Reggio di Calabria,29,2020-03-23,6,94,0,3,0.0319148936170213,17.1530029616302
Reggio di Calabria,30,2020-03-24,3,97,1,4,0.0412371134020619,17.700439226363102
Reggio di Calabria,31,2020-03-25,8,105,1,5,0.0476190476190476,19.16026926565069
Reggio di Calabria,32,2020-03-26,18,123,0,5,0.040650406504065005,22.444886854048
Reggio di Calabria,33,2020-03-27,17,140,2,7,0.05,25.547025687534298
Reggio di Calabria,34,2020-03-28,15,155,1,8,0.0516129032258065,28.284207011198696
Reggio di Calabria,35,2020-03-29,34,189,1,9,0.0476190476190476,34.488484678171304
Reggio di Calabria,36,2020-03-30,1,190,0,9,0.0473684210526316,34.6709634330823
Reggio di Calabria,37,2020-03-31,5,195,0,9,0.0461538461538462,35.5833572076371
Reggio di Calabria,38,2020-04-01,6,201,1,10,0.0497512437810945,36.678229737102896
Reggio di Calabria,39,2020-04-02,6,207,0,10,0.0483091787439614,37.77310226656861
Reggio di Calabria,40,2020-04-03,11,218,1,11,0.0504587155963303,39.780368570589204
Reggio di Calabria,41,2020-04-04,4,222,0,11,0.0495495495495495,40.510283590233
Reggio di Calabria,42,2020-04-05,15,237,0,11,0.0464135021097046,43.2474649138974
Reggio di Calabria,43,2020-04-06,6,243,0,11,0.0452674897119342,44.3423374433632
Reggio di Calabria,44,2020-04-07,0,243,0,11,0.0452674897119342,44.3423374433632
Reggio di Calabria,45,2020-04-08,5,248,0,11,0.0443548387096774,45.25473121791799
Reggio di Calabria,46,2020-04-09,2,250,0,11,0.044,45.6196887277399
Reggio di Calabria,47,2020-04-10,6,256,4,15,0.05859375,46.7145612572056
Reggio di Calabria,48,2020-04-11,4,260,0,15,0.0576923076923077,47.4444762768495
Reggio di Calabria,49,2020-04-12,3,263,0,15,0.0570342205323194,47.9919125415824
Reggio di Calabria,50,2020-04-13,0,263,0,15,0.0570342205323194,47.9919125415824
Reggio di Calabria,51,2020-04-14,5,268,0,15,0.0559701492537313,48.9043063161371
Reggio di Calabria,52,2020-04-15,8,276,0,15,0.0543478260869565,50.3641363554248
Reggio di Calabria,53,2020-04-16,-7,269,0,15,0.0557620817843866,49.0867850710481
Reggio di Calabria,54,2020-04-17,-29,240,0,15,0.0625,43.7949011786303
Reggio di Calabria,55,2020-04-18,0,240,0,15,0.0625,43.7949011786303
Reggio di Calabria,56,2020-04-19,1,241,0,15,0.0622406639004149,43.9773799335412
Reggio di Calabria,57,2020-04-20,2,243,0,15,0.0617283950617284,44.3423374433632
Reggio di Calabria,58,2020-04-21,0,243,0,15,0.0617283950617284,44.3423374433632
Reggio di Calabria,59,2020-04-22,4,247,0,15,0.0607287449392713,45.07225246300701
Reggio di Calabria,60,2020-04-23,1,248,0,15,0.0604838709677419,45.25473121791799
Reggio di Calabria,61,2020-04-24,0,248,0,15,0.0604838709677419,45.25473121791799
Reggio di Calabria,62,2020-04-25,1,249,0,15,0.0602409638554217,45.4372099728289
Reggio di Calabria,63,2020-04-26,0,249,0,15,0.0602409638554217,45.4372099728289
Reggio di Calabria,64,2020-04-27,1,250,0,15,0.06,45.6196887277399
Reggio di Calabria,65,2020-04-28,0,250,1,16,0.064,45.6196887277399
Reggio di Calabria,66,2020-04-29,1,251,0,16,0.0637450199203187,45.802167482650795
Reggio di Calabria,67,2020-04-30,1,252,0,16,0.0634920634920635,45.9846462375618
Reggio di Calabria,68,2020-05-01,1,253,0,16,0.0632411067193676,46.1671249924728
Reggio di Calabria,69,2020-05-02,0,253,0,16,0.0632411067193676,46.1671249924728
Reggio di Calabria,70,2020-05-03,0,253,0,16,0.0632411067193676,46.1671249924728
Reggio di Calabria,71,2020-05-04,3,256,0,16,0.0625,46.7145612572056
Reggio di Calabria,72,2020-05-05,1,257,0,16,0.0622568093385214,46.89704001211661
Reggio di Calabria,73,2020-05-06,2,259,0,16,0.0617760617760618,47.2619975219385
Reggio di Calabria,74,2020-05-07,1,260,0,16,0.0615384615384615,47.4444762768495
Reggio di Calabria,75,2020-05-08,1,261,0,16,0.0613026819923372,47.626955031760396
Reggio di Calabria,76,2020-05-09,3,264,0,16,0.0606060606060606,48.174391296493305
Reggio di Calabria,77,2020-05-10,0,264,0,16,0.0606060606060606,48.174391296493305
Reggio di Calabria,78,2020-05-11,0,264,0,16,0.0606060606060606,48.174391296493305
Reggio di Calabria,79,2020-05-12,3,267,0,16,0.0599250936329588,48.72182756122621
Reggio di Calabria,80,2020-05-13,1,268,0,16,0.0597014925373134,48.9043063161371
Reggio di Calabria,81,2020-05-14,2,270,1,17,0.062962962962963,49.2692638259591
Reggio di Calabria,82,2020-05-15,0,270,0,17,0.062962962962963,49.2692638259591
Reggio di Calabria,83,2020-05-16,2,272,0,17,0.0625,49.634221335781
Reggio di Calabria,84,2020-05-17,0,272,0,17,0.0625,49.634221335781
Reggio di Calabria,85,2020-05-18,0,272,0,17,0.0625,49.634221335781
Reggio di Calabria,86,2020-05-19,1,273,0,17,0.0622710622710623,49.8167000906919
Reggio di Calabria,87,2020-05-20,1,274,1,18,0.0656934306569343,49.99917884560289
Reggio di Calabria,88,2020-05-21,0,274,0,18,0.0656934306569343,49.99917884560289
Reggio di Calabria,89,2020-05-22,0,274,0,18,0.0656934306569343,49.99917884560289
Reggio di Calabria,90,2020-05-23,0,274,0,18,0.0656934306569343,49.99917884560289
Reggio di Calabria,91,2020-05-24,0,274,0,18,0.0656934306569343,49.99917884560289
Reggio di Calabria,92,2020-05-25,0,274,0,18,0.0656934306569343,49.99917884560289
Reggio di Calabria,93,2020-05-26,0,274,0,18,0.0656934306569343,49.99917884560289
Reggio di Calabria,94,2020-05-27,1,275,0,18,0.0654545454545455,50.18165760051389
Reggio di Calabria,95,2020-05-28,0,275,0,18,0.0654545454545455,50.18165760051389
Reggio di Calabria,96,2020-05-29,0,275,1,19,0.0690909090909091,50.18165760051389
Reggio di Calabria,97,2020-05-30,0,275,0,19,0.0690909090909091,50.18165760051389
Reggio di Calabria,98,2020-05-31,0,275,0,19,0.0690909090909091,50.18165760051389
Reggio di Calabria,99,2020-06-01,0,275,0,19,0.0690909090909091,50.18165760051389
Reggio di Calabria,100,2020-06-02,0,275,0,19,0.0690909090909091,50.18165760051389
Reggio di Calabria,101,2020-06-03,0,275,0,19,0.06909090909090909,50.18165760051386
Reggio di Calabria,102,2020-06-04,0,275,0,19,0.06909090909090909,50.18165760051386
Reggio di Calabria,103,2020-06-05,1,276,0,19,0.06884057971014493,50.364136355424826
Reggio di Calabria,104,2020-06-06,0,276,0,19,0.06884057971014493,50.364136355424826
Reggio di Calabria,105,2020-06-07,0,276,0,19,0.06884057971014493,50.364136355424826
Reggio di Calabria,106,2020-06-08,0,276,0,19,0.06884057971014493,50.364136355424826
Reggio di Calabria,107,2020-06-09,0,276,0,19,0.06884057971014493,50.364136355424826
Reggio di Calabria,108,2020-06-10,0,276,0,19,0.06884057971014493,50.364136355424826
Reggio di Calabria,109,2020-06-11,1,277,0,19,0.06859205776173287,50.54661511033578
Reggio di Calabria,110,2020-06-12,0,277,0,19,0.06859205776173287,50.54661511033578
Reggio di Calabria,111,2020-06-13,0,277,0,19,0.06859205776173287,50.54661511033578
Reggio di Calabria,112,2020-06-14,0,277,0,19,0.06859205776173287,50.54661511033578
Reggio di Calabria,113,2020-06-15,0,277,0,19,0.06859205776173287,50.54661511033578
Reggio di Calabria,114,2020-06-16,0,277,0,19,0.06859205776173287,50.54661511033578
Reggio di Calabria,115,2020-06-17,0,277,0,19,0.06859205776173287,50.54661511033578
Reggio di Calabria,116,2020-06-18,2,279,0,19,0.06810035842293907,50.91157262015769
Reggio di Calabria,117,2020-06-19,0,279,0,19,0.06810035842293907,50.91157262015769
Reggio di Calabria,118,2020-06-20,2,281,0,19,0.06761565836298933,51.27653012997962
Reggio di Calabria,119,2020-06-21,6,287,0,19,0.06620209059233449,52.37140265944537
Reggio di Calabria,120,2020-06-22,1,288,0,19,0.06597222222222222,52.553881414356326
Reggio di Calabria,121,2020-06-23,1,289,0,19,0.0657439446366782,52.73636016926729
Reggio di Calabria,122,2020-06-24,0,289,0,19,0.0657439446366782,52.73636016926729
Reggio di Calabria,123,2020-06-25,0,289,0,19,0.0657439446366782,52.73636016926729
Reggio di Calabria,124,2020-06-26,3,292,0,19,0.06506849315068493,53.283796434000166
Reggio di Calabria,125,2020-06-27,1,293,0,19,0.06484641638225255,53.46627518891113
Reggio di Calabria,126,2020-06-28,0,293,0,19,0.06484641638225255,53.46627518891113
Reggio di Calabria,127,2020-06-29,0,293,0,19,0.06484641638225255,53.46627518891113
Reggio di Calabria,128,2020-06-30,1,294,0,19,0.06462585034013606,53.6487539438221
Reggio di Calabria,129,2020-07-01,-1,293,0,19,0.06484641638225255,53.46627518891113
Reggio di Calabria,130,2020-07-02,0,293,0,19,0.06484641638225255,53.46627518891113
Reggio di Calabria,131,2020-07-03,0,293,0,19,0.06484641638225255,53.46627518891113
Reggio di Calabria,132,2020-07-04,0,293,0,19,0.06484641638225255,53.46627518891113
Reggio di Calabria,133,2020-07-05,0,293,0,19,0.06484641638225255,53.46627518891113
Reggio di Calabria,134,2020-07-06,0,293,0,19,0.06484641638225255,53.46627518891113
Reggio di Calabria,135,2020-07-07,1,294,0,19,0.06462585034013606,53.6487539438221
Reggio di Calabria,136,2020-07-08,1,295,0,19,0.06440677966101695,53.83123269873306
Reggio di Calabria,137,2020-07-09,0,295,0,19,0.06440677966101695,53.83123269873306
Reggio di Calabria,138,2020-07-10,0,295,0,19,0.06440677966101695,53.83123269873306
Reggio di Calabria,139,2020-07-11,2,297,0,19,0.06397306397306397,54.19619020855497
Reggio di Calabria,140,2020-07-12,0,297,0,19,0.06397306397306397,54.19619020855497
