Province,Day,Date,New_cases,Curr_pos_cases,Deaths,Tot_deaths,Lethality_rate,Cumul_rates
Vercelli,1,2020-02-24,0,0,0,0,0.00%,0.0
Vercelli,2,2020-02-25,0,0,0,0,0.00%,0.0
Vercelli,3,2020-02-26,0,0,0,0,0.00%,0.0
Vercelli,4,2020-02-27,0,0,0,0,0.00%,0.0
Vercelli,5,2020-02-28,0,0,0,0,0.00%,0.0
Vercelli,6,2020-02-29,0,0,0,0,0.00%,0.0
Vercelli,7,2020-03-01,0,0,0,0,0.00%,0.0
Vercelli,8,2020-03-02,1,1,0,0,0.00%,0.6
Vercelli,9,2020-03-03,0,1,0,0,0.00%,0.6
Vercelli,10,2020-03-04,2,3,0,0,0.00%,1.8
Vercelli,11,2020-03-05,5,8,0,0,0.00%,4.7
Vercelli,12,2020-03-06,-1,7,0,0,0.00%,4.1
Vercelli,13,2020-03-07,3,10,0,0,0.00%,5.9
Vercelli,14,2020-03-08,5,15,0,0,0.00%,8.8
Vercelli,15,2020-03-09,-4,11,2,2,18.18%,6.4
Vercelli,16,2020-03-10,7,18,1,3,16.67%,10.5
Vercelli,17,2020-03-11,6,24,0,3,12.50%,14.0
Vercelli,18,2020-03-12,1,25,1,4,16.00%,14.6
Vercelli,19,2020-03-13,4,29,0,4,13.79%,17.0
Vercelli,20,2020-03-14,2,31,0,4,12.90%,18.1
Vercelli,21,2020-03-15,53,84,2,6,7.14%,49.1
Vercelli,22,2020-03-16,15,99,5,11,11.11%,57.9
Vercelli,23,2020-03-17,14,113,0,11,9.73%,66.1
Vercelli,24,2020-03-18,18,131,2,13,9.92%,76.6
Vercelli,25,2020-03-19,0,131,0,13,9.92%,76.6
Vercelli,26,2020-03-20,72,203,2,15,7.39%,118.8
Vercelli,27,2020-03-21,7,210,0,15,7.14%,122.9
Vercelli,28,2020-03-22,32,242,2,17,7.02%,141.6
Vercelli,29,2020-03-23,21,263,3,20,7.60%,153.9
Vercelli,30,2020-03-24,27,290,3,23,7.93%,169.7
Vercelli,31,2020-03-25,18,308,2,25,8.12%,180.2
Vercelli,32,2020-03-26,28,336,1,26,7.74%,196.6
Vercelli,33,2020-03-27,22,358,1,27,7.54%,209.5
Vercelli,34,2020-03-28,39,397,2,29,7.30%,232.3
Vercelli,35,2020-03-29,29,426,4,33,7.75%,249.3
Vercelli,36,2020-03-30,23,449,14,47,10.47%,262.7
Vercelli,37,2020-03-31,24,473,0,47,9.94%,276.8
Vercelli,38,2020-04-01,15,488,4,51,10.45%,285.5
Vercelli,39,2020-04-02,32,520,6,57,10.96%,304.3
Vercelli,40,2020-04-03,45,565,1,58,10.27%,330.6
Vercelli,41,2020-04-04,18,583,0,58,9.95%,341.1
Vercelli,42,2020-04-05,22,605,1,59,9.75%,354.0
Vercelli,43,2020-04-06,42,647,6,65,10.05%,378.6
Vercelli,44,2020-04-07,18,665,6,71,10.68%,389.1
Vercelli,45,2020-04-08,13,678,2,73,10.77%,396.7
Vercelli,46,2020-04-09,15,693,3,76,10.97%,405.5
Vercelli,47,2020-04-10,15,708,10,86,12.15%,414.3
Vercelli,48,2020-04-11,81,789,3,89,11.28%,461.6
Vercelli,49,2020-04-12,28,817,5,94,11.51%,478.0
Vercelli,50,2020-04-13,13,830,6,100,12.05%,485.6
Vercelli,51,2020-04-14,9,839,7,107,12.75%,490.9
Vercelli,52,2020-04-15,8,847,6,113,13.34%,495.6
Vercelli,53,2020-04-16,65,912,6,119,13.05%,533.6
Vercelli,54,2020-04-17,23,935,12,131,14.01%,547.1
Vercelli,55,2020-04-18,29,964,1,132,13.69%,564.0
Vercelli,56,2020-04-19,11,975,4,136,13.95%,570.5
Vercelli,57,2020-04-20,9,984,5,141,14.33%,575.7
Vercelli,58,2020-04-21,5,989,2,143,14.46%,578.7
Vercelli,59,2020-04-22,24,1013,3,146,14.41%,592.7
Vercelli,60,2020-04-23,43,1056,3,149,14.11%,617.9
Vercelli,61,2020-04-24,11,1067,3,152,14.25%,624.3
Vercelli,62,2020-04-25,8,1075,2,154,14.33%,629.0
Vercelli,63,2020-04-26,15,1090,0,154,14.13%,637.8
Vercelli,64,2020-04-27,3,1093,2,156,14.27%,639.5
Vercelli,65,2020-04-28,2,1095,1,157,14.34%,640.7
Vercelli,66,2020-04-29,4,1099,1,158,14.38%,643.0
Vercelli,67,2020-04-30,8,1107,2,160,14.45%,647.7
Vercelli,68,2020-05-01,10,1117,0,160,14.32%,653.6
Vercelli,69,2020-05-02,23,1140,1,161,14.12%,667.0
Vercelli,70,2020-05-03,3,1143,1,162,14.17%,668.8
Vercelli,71,2020-05-04,2,1145,2,164,14.32%,669.9
Vercelli,72,2020-05-05,4,1149,0,164,14.27%,672.3
Vercelli,73,2020-05-06,3,1152,0,164,14.24%,674.0
Vercelli,74,2020-05-07,8,1160,3,167,14.40%,678.7
Vercelli,75,2020-05-08,8,1168,1,168,14.38%,683.4
Vercelli,76,2020-05-09,11,1179,1,169,14.33%,689.8
Vercelli,77,2020-05-10,6,1185,0,169,14.26%,693.3
Vercelli,78,2020-05-11,15,1200,1,170,14.17%,702.1
Vercelli,79,2020-05-12,5,1205,1,171,14.19%,705.05
Vercelli,80,2020-05-13,6,1211,5,176,14.53%,708.555915066906
Vercelli,81,2020-05-14,15,1226,3,179,14.60%,717.33241277624
Vercelli,82,2020-05-15,9,1235,17,196,15.87%,722.598311401841
Vercelli,83,2020-05-16,9,1244,0,196,15.76%,727.864210027441
Vercelli,84,2020-05-17,4,1248,1,197,15.79%,730.204609416597
Vercelli,85,2020-05-18,2,1250,0,197,15.76%,731.374809111175
Vercelli,86,2020-05-19,4,1254,5,202,16.11%,733.715208500331
Vercelli,87,2020-05-20,7,1261,1,203,16.10%,737.810907431353
Vercelli,88,2020-05-21,2,1263,1,204,16.15%,738.981107125931
Vercelli,89,2020-05-22,4,1267,0,204,17.15%,739.981107125931
Vercelli,90,2020-05-23,0,1267,1,205,18.15%,740.981107125931
Vercelli,91,2020-05-24,3,1270,1,206,19.15%,741.981107125931
Vercelli,92,2020-05-25,10,1280,1,207,16.17%,748.927804529843
Vercelli,93,2020-05-26,8,1288,1,208,16.15%,753.608603308155
Vercelli,94,2020-05-27,0,1288,0,208,16.15%,753.608603308155
Vercelli,95,2020-05-28,6,1294,1,209,16.15%,757.119202391888
Vercelli,96,2020-05-29,1,1295,3,212,16.37%,757.704302239177
Vercelli,97,2020-05-30,5,1300,0,212,16.31%,760.629801475622
Vercelli,98,2020-05-31,4,1304,0,212,16.25%,762.970201
Vercelli,99,2020-06-01,0,1304,2,214,16.41%,762.970200864778
Vercelli,100,2020-06-02,1,1305,0,214,16.40%,763.555300712067
