Province,Day,Date,New_cases,Curr_pos_cases,Deaths,Tot_deaths,Lethality_rate,Cumul_rates
Vercelli,1,24/02/2020,0,0,0,0,0,0
Vercelli,2,25/02/2020,0,0,0,0,0,0
Vercelli,3,26/02/2020,0,0,0,0,0,0
Vercelli,4,27/02/2020,0,0,0,0,0,0
Vercelli,5,28/02/2020,0,0,0,0,0,0
Vercelli,6,29/02/2020,0,0,0,0,0,0
Vercelli,7,01/03/2020,0,0,0,0,0,0
Vercelli,8,02/03/2020,1,1,0,0,0,0.59
Vercelli,9,03/03/2020,0,1,0,0,0,0.59
Vercelli,10,04/03/2020,2,3,0,0,0,1.76
Vercelli,11,05/03/2020,5,8,0,0,0,4.68
Vercelli,12,06/03/2020,-1,7,0,0,0,4.1
Vercelli,13,07/03/2020,3,10,0,0,0,5.85
Vercelli,14,08/03/2020,5,15,0,0,0,8.78
Vercelli,15,09/03/2020,-4,11,2,2,0.182,6.44
Vercelli,16,10/03/2020,7,18,1,3,0.167,10.53
Vercelli,17,11/03/2020,6,24,0,3,0.125,14.04
Vercelli,18,12/03/2020,1,25,1,4,0.16,14.63
Vercelli,19,13/03/2020,4,29,0,4,0.138,16.97
Vercelli,20,14/03/2020,2,31,0,4,0.129,18.14
Vercelli,21,15/03/2020,53,84,2,6,0.071,49.15
Vercelli,22,16/03/2020,15,99,5,11,0.111,57.92
Vercelli,23,17/03/2020,14,113,0,11,0.097,66.12
Vercelli,24,18/03/2020,18,131,2,13,0.099,76.65
Vercelli,25,19/03/2020,0,131,0,13,0.099,76.65
Vercelli,26,20/03/2020,72,203,2,15,0.074,118.78
Vercelli,27,21/03/2020,7,210,0,15,0.071,122.87
Vercelli,28,22/03/2020,32,242,2,17,0.07,141.59
Vercelli,29,23/03/2020,21,263,3,20,0.076,153.88
Vercelli,30,24/03/2020,27,290,3,23,0.079,169.68
Vercelli,31,25/03/2020,18,308,2,25,0.081,180.21
Vercelli,32,26/03/2020,28,336,1,26,0.077,196.59
Vercelli,33,27/03/2020,22,358,1,27,0.075,209.47
Vercelli,34,28/03/2020,39,397,2,29,0.073,232.28
Vercelli,35,29/03/2020,29,426,4,33,0.077,249.25
Vercelli,36,30/03/2020,23,449,14,47,0.105,262.71
Vercelli,37,31/03/2020,24,473,0,47,0.099,276.75
Vercelli,38,01/04/2020,15,488,4,51,0.105,285.53
Vercelli,39,02/04/2020,32,520,6,57,0.11,304.25
Vercelli,40,03/04/2020,45,565,1,58,0.103,330.58
Vercelli,41,04/04/2020,18,583,0,58,0.099,341.11
Vercelli,42,05/04/2020,22,605,1,59,0.098,353.99
Vercelli,43,06/04/2020,42,647,6,65,0.1,378.56
Vercelli,44,07/04/2020,18,665,6,71,0.107,389.09
Vercelli,45,08/04/2020,13,678,2,73,0.108,396.7
Vercelli,46,09/04/2020,15,693,3,76,0.11,405.47
Vercelli,47,10/04/2020,15,708,10,86,0.121,414.25
Vercelli,48,11/04/2020,81,789,3,89,0.113,461.64
Vercelli,49,12/04/2020,28,817,5,94,0.115,478.03
Vercelli,50,13/04/2020,13,830,6,100,0.12,485.63
Vercelli,51,14/04/2020,9,839,7,107,0.128,490.9
Vercelli,52,15/04/2020,8,847,6,113,0.133,495.58
Vercelli,53,16/04/2020,65,912,6,119,0.13,533.61
Vercelli,54,17/04/2020,23,935,12,131,0.14,547.07
Vercelli,55,18/04/2020,29,964,1,132,0.137,564.04
Vercelli,56,19/04/2020,11,975,4,136,0.139,570.47
Vercelli,57,20/04/2020,9,984,5,141,0.143,575.74
Vercelli,58,21/04/2020,5,989,2,143,0.145,578.66
Vercelli,59,22/04/2020,24,1013,3,146,0.144,592.71
Vercelli,60,23/04/2020,43,1056,3,149,0.141,617.87
Vercelli,61,24/04/2020,11,1067,3,152,0.142,624.3
Vercelli,62,25/04/2020,8,1075,2,154,0.143,628.98
Vercelli,63,26/04/2020,15,1090,0,154,0.141,637.76
Vercelli,64,27/04/2020,3,1093,2,156,0.143,639.51
Vercelli,65,28/04/2020,2,1095,1,157,0.143,640.68
Vercelli,66,29/04/2020,4,1099,1,158,0.144,643.02
Vercelli,67,30/04/2020,8,1107,2,160,0.145,647.71
Vercelli,68,01/05/2020,10,1117,0,160,0.143,653.56
Vercelli,69,02/05/2020,23,1140,1,161,0.141,667.01
Vercelli,70,03/05/2020,3,1143,1,162,0.142,668.77
Vercelli,71,04/05/2020,2,1145,2,164,0.143,669.94
Vercelli,72,05/05/2020,4,1149,0,164,0.143,672.28
Vercelli,73,06/05/2020,3,1152,0,164,0.142,674.04
Vercelli,74,07/05/2020,8,1160,3,167,0.144,678.72
Vercelli,75,08/05/2020,8,1168,1,168,0.144,683.4
Vercelli,76,09/05/2020,11,1179,1,169,0.143,689.83
Vercelli,77,10/05/2020,6,1185,0,169,0.143,693.34
Vercelli,78,11/05/2020,15,1200,1,170,0.142,702.12
Vercelli,79,12/05/2020,5,1205,1,171,0.142,705.05
Vercelli,80,13/05/2020,6,1211,5,176,0.145,708.56
Vercelli,81,14/05/2020,15,1226,3,179,0.146,717.33
Vercelli,82,15/05/2020,9,1235,17,196,0.159,722.6
Vercelli,83,16/05/2020,9,1244,0,196,0.158,727.86
Vercelli,84,17/05/2020,4,1248,1,197,0.158,730.2
Vercelli,85,18/05/2020,2,1250,0,197,0.158,731.37
Vercelli,86,19/05/2020,4,1254,5,202,0.161,733.72
Vercelli,87,20/05/2020,7,1261,1,203,0.161,737.81
Vercelli,88,21/05/2020,2,1263,1,204,0.162,738.98
Vercelli,89,22/05/2020,4,1267,0,204,0.161,741.32
Vercelli,90,23/05/2020,0,1267,1,205,0.162,741.32
Vercelli,91,24/05/2020,3,1270,1,206,0.162,743.08
Vercelli,92,25/05/2020,10,1280,1,207,0.162,748.93
Vercelli,93,26/05/2020,8,1288,1,208,0.161,753.61
Vercelli,94,27/05/2020,0,1288,0,208,0.161,753.61
Vercelli,95,28/05/2020,6,1294,1,209,0.162,757.12
Vercelli,96,29/05/2020,1,1295,3,212,0.164,757.7
Vercelli,97,30/05/2020,5,1300,0,212,0.163,760.63
Vercelli,98,31/05/2020,4,1304,0,212,0.163,762.97
Vercelli,99,01/06/2020,0,1304,2,214,0.164,762.97
Vercelli,100,02/06/2020,1,1305,0,214,0.164,763.56
Vercelli,101,03/06/2020,2,1307,0,214,0.164,764.73
Vercelli,102,04/06/2020,0,1307,0,214,0.164,764.73
Vercelli,103,05/06/2020,1,1308,0,214,0.164,765.31
Vercelli,104,06/06/2020,1,1309,1,215,0.164,765.9
Vercelli,105,07/06/2020,0,1309,0,215,0.164,765.9
Vercelli,106,08/06/2020,0,1309,0,215,0.164,765.9
Vercelli,107,09/06/2020,0,1309,0,215,0.164,765.9
Vercelli,108,10/06/2020,0,1309,0,215,0.164,765.9
Vercelli,109,11/06/2020,0,1309,0,215,0.164,765.9
Vercelli,110,12/06/2020,3,1312,0,215,0.164,767.65
Vercelli,111,13/06/2020,2,1314,1,216,0.164,768.82
Vercelli,112,14/06/2020,2,1316,1,217,0.165,769.99
Vercelli,113,15/06/2020,1,1317,0,217,0.165,770.58
Vercelli,114,16/06/2020,0,1317,0,217,0.165,770.58
Vercelli,115,17/06/2020,0,1317,0,217,0.165,770.58
Vercelli,116,18/06/2020,0,1317,0,217,0.165,770.58
Vercelli,117,19/06/2020,1,1318,0,217,0.165,771.16
Vercelli,118,20/06/2020,0,1318,0,217,0.165,771.16
Vercelli,119,21/06/2020,1,1319,0,217,0.165,771.75
Vercelli,120,22/06/2020,0,1319,1,218,0.165,771.75
Vercelli,121,23/06/2020,0,1319,0,218,0.165,771.75
Vercelli,122,24/06/2020,1,1320,0,218,0.165,772.33
Vercelli,123,25/06/2020,1,1321,1,219,0.166,772.92
Vercelli,124,26/06/2020,0,1321,0,219,0.166,772.92
Vercelli,125,27/06/2020,0,1321,0,219,0.166,772.92
Vercelli,126,28/06/2020,1,1322,0,219,0.166,773.5
Vercelli,127,29/06/2020,0,1322,0,219,0.166,773.5
Vercelli,128,30/06/2020,1,1323,0,219,0.166,774.09
Vercelli,129,01/07/2020,0,1323,0,219,0.166,774.09
Vercelli,130,02/07/2020,0,1323,0,219,0.166,774.09
Vercelli,131,03/07/2020,0,1323,2,221,0.167,774.09
Vercelli,132,04/07/2020,1,1324,0,221,0.167,774.67
Vercelli,133,05/07/2020,3,1327,0,221,0.167,776.43
Vercelli,134,06/07/2020,2,1329,1,222,0.167,777.6
Vercelli,135,07/07/2020,3,1332,0,222,0.167,779.35
Vercelli,136,08/07/2020,5,1337,0,222,0.166,782.28
Vercelli,137,09/07/2020,3,1340,0,222,0.166,784.03
Vercelli,138,10/07/2020,4,1344,0,222,0.165,786.37
Vercelli,139,11/07/2020,0,1344,0,222,0.165,786.37
Vercelli,140,12/07/2020,0,1344,0,222,0.165,786.37
Vercelli,141,13/07/2020,0,1344,0,222,0.165,786.37
Vercelli,142,14/07/2020,0,1344,0,222,0.165,786.37
Vercelli,143,15/07/2020,0,1344,0,222,0.165,786.37
Vercelli,144,16/07/2020,3,1347,0,222,0.165,788.13
Vercelli,145,17/07/2020,0,1347,0,222,0.165,788.13
Vercelli,146,18/07/2020,0,1347,0,222,0.165,788.13
Vercelli,147,19/07/2020,0,1347,0,222,0.165,788.13
Vercelli,148,20/07/2020,0,1347,0,222,0.165,788.13
Vercelli,149,21/07/2020,2,1349,0,222,0.165,789.3
Vercelli,150,22/07/2020,0,1349,0,222,0.165,789.3
Vercelli,151,23/07/2020,1,1350,0,222,0.164,789.88
Vercelli,152,24/07/2020,0,1350,0,222,0.164,789.88
Vercelli,153,25/07/2020,1,1351,0,222,0.164,790.47
Vercelli,154,26/07/2020,0,1351,0,222,0.164,790.47
Vercelli,155,27/07/2020,0,1351,0,222,0.164,790.47
Vercelli,156,28/07/2020,0,1351,0,222,0.164,790.47
Vercelli,157,29/07/2020,0,1351,0,222,0.164,790.47
Vercelli,158,30/07/2020,0,1351,0,222,0.164,790.47
Vercelli,159,31/07/2020,0,1351,0,222,0.164,790.47
Vercelli,160,01/08/2020,1,1352,0,222,0.164,791.05
Vercelli,161,02/08/2020,1,1353,0,222,0.164,791.64
Vercelli,162,03/08/2020,2,1355,0,222,0.164,792.81
Vercelli,163,04/08/2020,3,1358,0,222,0.163,794.57
Vercelli,164,05/08/2020,5,1363,0,222,0.163,797.49
Vercelli,165,06/08/2020,2,1365,0,222,0.163,798.66
Vercelli,166,07/08/2020,18,1383,0,222,0.161,809.19
Vercelli,167,08/08/2020,5,1388,0,222,0.16,812.12
Vercelli,168,09/08/2020,14,1402,0,222,0.158,820.31
Vercelli,169,10/08/2020,9,1411,0,222,0.157,825.58
Vercelli,170,11/08/2020,1,1412,0,222,0.157,826.16
Vercelli,171,12/08/2020,7,1419,0,222,0.156,830.26
Vercelli,172,13/08/2020,7,1426,0,222,0.156,834.35
Vercelli,173,14/08/2020,1,1427,0,222,0.156,834.94
Vercelli,174,15/08/2020,2,1429,0,222,0.155,836.11
Vercelli,175,16/08/2020,10,1439,0,222,0.154,841.96
Vercelli,176,17/08/2020,2,1441,0,222,0.154,843.13
Vercelli,177,18/08/2020,3,1443,0,222,0.154,844.3
Vercelli,178,19/08/2020,4,1447,0,222,0.153,846.64
Vercelli,179,20/08/2020,5,1452,0,222,0.153,849.56
Vercelli,180,21/08/2020,4,1456,0,222,0.152,851.91
Vercelli,181,22/08/2020,3,1459,0,222,0.152,853.66
Vercelli,182,23/08/2020,3,1462,0,222,0.152,855.42
Vercelli,183,24/08/2020,6,1468,0,222,0.151,858.93
Vercelli,184,25/08/2020,8,1476,0,222,0.15,863.61
Vercelli,185,26/08/2020,11,1487,0,222,0.149,870.04
Vercelli,186,27/08/2020,14,1501,0,222,0.148,878.23
Vercelli,187,28/08/2020,5,1506,0,222,0.147,881.16
Vercelli,188,29/08/2020,20,1526,0,222,0.145,892.86
Vercelli,189,30/08/2020,26,1552,1,223,0.144,908.07
Vercelli,190,31/08/2020,3,1555,0,223,0.143,909.83
Vercelli,191,01/09/2020,3,1558,0,223,0.143,911.59
Vercelli,192,02/09/2020,7,1565,0,223,0.142,915.68
Vercelli,193,03/09/2020,0,1565,0,223,0.142,915.68
Vercelli,194,04/09/2020,9,1574,0,223,0.142,920.95
Vercelli,195,05/09/2020,1,1575,0,223,0.142,921.53
Vercelli,196,06/09/2020,5,1580,0,223,0.141,924.46
Vercelli,197,07/09/2020,5,1585,1,224,0.141,927.38
Vercelli,198,08/09/2020,1,1586,0,224,0.141,927.97
Vercelli,199,09/09/2020,4,1590,0,224,0.141,930.31
Vercelli,200,10/09/2020,9,1599,0,224,0.14,935.57
Vercelli,201,11/09/2020,3,1602,0,224,0.14,937.33
Vercelli,202,12/09/2020,2,1604,0,224,0.14,938.5
Vercelli,203,13/09/2020,5,1609,0,224,0.139,941.43
Vercelli,204,14/09/2020,3,1612,0,224,0.139,943.18
Vercelli,205,15/09/2020,4,1616,0,224,0.139,945.52
Vercelli,206,16/09/2020,1,1617,0,224,0.139,946.11
Vercelli,207,17/09/2020,8,1625,0,224,0.138,950.79
Vercelli,208,18/09/2020,4,1629,0,224,0.138,953.13
Vercelli,209,19/09/2020,6,1635,0,224,0.137,956.64
Vercelli,210,20/09/2020,9,1644,0,224,0.136,961.9
Vercelli,211,21/09/2020,2,1646,0,224,0.136,963.07
Vercelli,212,22/09/2020,1,1647,1,225,0.137,963.66
Vercelli,213,23/09/2020,2,1649,0,225,0.136,964.83
Vercelli,214,24/09/2020,1,1650,0,225,0.136,965.41
Vercelli,215,25/09/2020,4,1654,0,225,0.136,967.76
Vercelli,216,26/09/2020,9,1663,0,225,0.135,973.02
Vercelli,217,27/09/2020,0,1663,0,225,0.135,973.02
Vercelli,218,28/09/2020,8,1671,0,225,0.135,977.7
Vercelli,219,29/09/2020,4,1675,0,225,0.134,980.04
Vercelli,220,30/09/2020,0,1675,0,225,0.134,980.04
Vercelli,221,01/10/2020,0,1675,0,225,0.134,980.04
Vercelli,222,02/10/2020,1,1676,0,225,0.134,980.63
Vercelli,223,03/10/2020,13,1689,0,225,0.133,988.23
Vercelli,224,04/10/2020,2,1691,0,225,0.133,989.4
Vercelli,225,05/10/2020,0,1691,0,225,0.133,989.4
Vercelli,226,06/10/2020,8,1699,0,225,0.132,994.08
Vercelli,227,07/10/2020,17,1716,0,225,0.131,1004.03
Vercelli,228,08/10/2020,10,1726,0,225,0.13,1009.88
Vercelli,229,09/10/2020,3,1729,0,225,0.13,1011.64
Vercelli,230,10/10/2020,25,1754,0,225,0.128,1026.27
