Province,Day,Date,New_cases,Curr_pos_cases,Deaths,Tot_deaths,Lethality_rate,Cumul_rates
Vercelli,1,2020-02-24,0,0,0,0,0.0,0.0
Vercelli,2,2020-02-25,0,0,0,0,0.0,0.0
Vercelli,3,2020-02-26,0,0,0,0,0.0,0.0
Vercelli,4,2020-02-27,0,0,0,0,0.0,0.0
Vercelli,5,2020-02-28,0,0,0,0,0.0,0.0
Vercelli,6,2020-02-29,0,0,0,0,0.0,0.0
Vercelli,7,2020-03-01,0,0,0,0,0.0,0.0
Vercelli,8,2020-03-02,1,1,0,0,0.0,0.5850998472889399
Vercelli,9,2020-03-03,0,1,0,0,0.0,0.5850998472889399
Vercelli,10,2020-03-04,2,3,0,0,0.0,1.7552995418668202
Vercelli,11,2020-03-05,5,8,0,0,0.0,4.68079877831152
Vercelli,12,2020-03-06,-1,7,0,0,0.0,4.09569893102258
Vercelli,13,2020-03-07,3,10,0,0,0.0,5.850998472889402
Vercelli,14,2020-03-08,5,15,0,0,0.0,8.7764977093341
Vercelli,15,2020-03-09,-4,11,2,2,0.181818181818182,6.436098320178338
Vercelli,16,2020-03-10,7,18,1,3,0.166666666666667,10.5317972512009
Vercelli,17,2020-03-11,6,24,0,3,0.125,14.0423963349346
Vercelli,18,2020-03-12,1,25,1,4,0.16,14.6274961822235
Vercelli,19,2020-03-13,4,29,0,4,0.137931034482759,16.9678955713793
Vercelli,20,2020-03-14,2,31,0,4,0.129032258064516,18.1380952659571
Vercelli,21,2020-03-15,53,84,2,6,0.0714285714285714,49.1483871722709
Vercelli,22,2020-03-16,15,99,5,11,0.111111111111111,57.924884881604996
Vercelli,23,2020-03-17,14,113,0,11,0.0973451327433628,66.1162827436502
Vercelli,24,2020-03-18,18,131,2,13,0.0992366412213741,76.64807999485109
Vercelli,25,2020-03-19,0,131,0,13,0.0992366412213741,76.64807999485109
Vercelli,26,2020-03-20,72,203,2,15,0.0738916256157636,118.775268999655
Vercelli,27,2020-03-21,7,210,0,15,0.0714285714285714,122.870967930677
Vercelli,28,2020-03-22,32,242,2,17,0.0702479338842975,141.594163043923
Vercelli,29,2020-03-23,21,263,3,20,0.0760456273764259,153.881259836991
Vercelli,30,2020-03-24,27,290,3,23,0.0793103448275862,169.678955713793
Vercelli,31,2020-03-25,18,308,2,25,0.0811688311688312,180.210752964993
Vercelli,32,2020-03-26,28,336,1,26,0.0773809523809524,196.593548689084
Vercelli,33,2020-03-27,22,358,1,27,0.0754189944134078,209.46574532944
Vercelli,34,2020-03-28,39,397,2,29,0.0730478589420655,232.28463937370896
Vercelli,35,2020-03-29,29,426,4,33,0.0774647887323944,249.252534945088
Vercelli,36,2020-03-30,23,449,14,47,0.10467706013363,262.709831432734
Vercelli,37,2020-03-31,24,473,0,47,0.0993657505285412,276.752227767669
Vercelli,38,2020-04-01,15,488,4,51,0.104508196721311,285.528725477003
Vercelli,39,2020-04-02,32,520,6,57,0.109615384615385,304.251920590249
Vercelli,40,2020-04-03,45,565,1,58,0.102654867256637,330.581413718251
Vercelli,41,2020-04-04,18,583,0,58,0.0994854202401372,341.11321096945204
Vercelli,42,2020-04-05,22,605,1,59,0.0975206611570248,353.98540760980904
Vercelli,43,2020-04-06,42,647,6,65,0.100463678516229,378.55960119594397
Vercelli,44,2020-04-07,18,665,6,71,0.106766917293233,389.091398447145
Vercelli,45,2020-04-08,13,678,2,73,0.10766961651917402,396.697696461901
Vercelli,46,2020-04-09,15,693,3,76,0.10966810966811,405.47419417123496
Vercelli,47,2020-04-10,15,708,10,86,0.121468926553672,414.250691880569
Vercelli,48,2020-04-11,81,789,3,89,0.11280101394169804,461.64377951097396
Vercelli,49,2020-04-12,28,817,5,94,0.115055079559364,478.026575235064
Vercelli,50,2020-04-13,13,830,6,100,0.120481927710843,485.63287324982
Vercelli,51,2020-04-14,9,839,7,107,0.127532777115614,490.898771875421
Vercelli,52,2020-04-15,8,847,6,113,0.133412042502952,495.579570653732
Vercelli,53,2020-04-16,65,912,6,119,0.130482456140351,533.611060727513
Vercelli,54,2020-04-17,23,935,12,131,0.14010695187165806,547.068357215159
Vercelli,55,2020-04-18,29,964,1,132,0.136929460580913,564.0362527865383
Vercelli,56,2020-04-19,11,975,4,136,0.139487179487179,570.472351106716
Vercelli,57,2020-04-20,9,984,5,141,0.143292682926829,575.738249732317
Vercelli,58,2020-04-21,5,989,2,143,0.144590495449949,578.663748968762
Vercelli,59,2020-04-22,24,1013,3,146,0.144126357354393,592.706145303696
Vercelli,60,2020-04-23,43,1056,3,149,0.141098484848485,617.8654387371209
Vercelli,61,2020-04-24,11,1067,3,152,0.142455482661668,624.301537057299
Vercelli,62,2020-04-25,8,1075,2,154,0.143255813953488,628.98233583561
Vercelli,63,2020-04-26,15,1090,0,154,0.141284403669725,637.758833544944
Vercelli,64,2020-04-27,3,1093,2,156,0.142726440988106,639.514133086811
Vercelli,65,2020-04-28,2,1095,1,157,0.14337899543379,640.684332781389
Vercelli,66,2020-04-29,4,1099,1,158,0.143767060964513,643.024732170545
Vercelli,67,2020-04-30,8,1107,2,160,0.14453477868112,647.705530948856
Vercelli,68,2020-05-01,10,1117,0,160,0.143240823634736,653.556529421746
Vercelli,69,2020-05-02,23,1140,1,161,0.14122807017543898,667.013825909392
Vercelli,70,2020-05-03,3,1143,1,162,0.14173228346456698,668.769125451258
Vercelli,71,2020-05-04,2,1145,2,164,0.143231441048035,669.939325145836
Vercelli,72,2020-05-05,4,1149,0,164,0.14273281114012198,672.2797245349919
Vercelli,73,2020-05-06,3,1152,0,164,0.142361111111111,674.035024076859
Vercelli,74,2020-05-07,8,1160,3,167,0.14396551724137902,678.71582285517
Vercelli,75,2020-05-08,8,1168,1,168,0.143835616438356,683.396621633482
Vercelli,76,2020-05-09,11,1179,1,169,0.14334181509754002,689.83271995366
Vercelli,77,2020-05-10,6,1185,0,169,0.142616033755274,693.3433190373938
Vercelli,78,2020-05-11,15,1200,1,170,0.141666666666667,702.119816746728
Vercelli,79,2020-05-12,5,1205,1,171,0.141908713692946,705.045315983173
Vercelli,80,2020-05-13,6,1211,5,176,0.14533443435177498,708.555915066906
Vercelli,81,2020-05-14,15,1226,3,179,0.146003262642741,717.3324127762401
Vercelli,82,2020-05-15,9,1235,17,196,0.158704453441296,722.598311401841
Vercelli,83,2020-05-16,9,1244,0,196,0.15755627009646306,727.864210027441
Vercelli,84,2020-05-17,4,1248,1,197,0.157852564102564,730.204609416597
Vercelli,85,2020-05-18,2,1250,0,197,0.1576,731.374809111175
Vercelli,86,2020-05-19,4,1254,5,202,0.161084529505582,733.715208500331
Vercelli,87,2020-05-20,7,1261,1,203,0.16098334655035698,737.810907431353
Vercelli,88,2020-05-21,2,1263,1,204,0.16152019002375306,738.981107125931
Vercelli,89,2020-05-22,4,1267,0,204,0.17152019002375302,739.981107125931
Vercelli,90,2020-05-23,0,1267,1,205,0.181520190023753,740.981107125931
Vercelli,91,2020-05-24,3,1270,1,206,0.191520190023753,741.981107125931
Vercelli,92,2020-05-25,10,1280,1,207,0.16171875,748.927804529843
Vercelli,93,2020-05-26,8,1288,1,208,0.161490683229814,753.608603308155
Vercelli,94,2020-05-27,0,1288,0,208,0.161490683229814,753.608603308155
Vercelli,95,2020-05-28,6,1294,1,209,0.161514683153014,757.1192023918878
Vercelli,96,2020-05-29,1,1295,3,212,0.163706563706564,757.704302239177
Vercelli,97,2020-05-30,5,1300,0,212,0.163076923076923,760.629801475622
Vercelli,98,2020-05-31,4,1304,0,212,0.1625,762.970201
Vercelli,99,2020-06-01,0,1304,2,214,0.16411042944785298,762.970200864778
Vercelli,100,2020-06-02,1,1305,0,214,0.16398467432950198,763.5553007120668
Vercelli,101,2020-06-03,2,1307,0,214,0.1637337413925019,764.7255004066444
Vercelli,102,2020-06-04,0,1307,0,214,0.1637337413925019,764.7255004066444
Vercelli,103,2020-06-05,1,1308,0,214,0.1636085626911315,765.3106002539332
Vercelli,104,2020-06-06,1,1309,1,215,0.16424751718869365,765.8957001012222
Vercelli,105,2020-06-07,0,1309,0,215,0.16424751718869365,765.8957001012222
Vercelli,106,2020-06-08,0,1309,0,215,0.16424751718869365,765.8957001012222
Vercelli,107,2020-06-09,0,1309,0,215,0.16424751718869365,765.8957001012222
Vercelli,108,2020-06-10,0,1309,0,215,0.16424751718869365,765.8957001012222
Vercelli,109,2020-06-11,0,1309,0,215,0.16424751718869365,765.8957001012222
Vercelli,110,2020-06-12,3,1312,0,215,0.1638719512195122,767.6509996430891
Vercelli,111,2020-06-13,2,1314,1,216,0.1643835616438356,768.8211993376669
Vercelli,112,2020-06-14,2,1316,1,217,0.16489361702127658,769.9913990322448
Vercelli,113,2020-06-15,1,1317,0,217,0.16476841305998485,770.5764988795337
Vercelli,114,2020-06-16,0,1317,0,217,0.16476841305998485,770.5764988795337
Vercelli,115,2020-06-17,0,1317,0,217,0.16476841305998485,770.5764988795337
Vercelli,116,2020-06-18,0,1317,0,217,0.16476841305998485,770.5764988795337
Vercelli,117,2020-06-19,1,1318,0,217,0.1646433990895296,771.1615987268228
Vercelli,118,2020-06-20,0,1318,0,217,0.1646433990895296,771.1615987268228
Vercelli,119,2020-06-21,1,1319,0,217,0.1645185746777862,771.7466985741116
Vercelli,120,2020-06-22,0,1319,1,218,0.1652767247915087,771.7466985741116
Vercelli,121,2020-06-23,0,1319,0,218,0.1652767247915087,771.7466985741116
Vercelli,122,2020-06-24,1,1320,0,218,0.16515151515151516,772.3317984214003
Vercelli,123,2020-06-25,1,1321,1,219,0.16578349735049205,772.9168982686896
Vercelli,124,2020-06-26,0,1321,0,219,0.16578349735049205,772.9168982686896
Vercelli,125,2020-06-27,0,1321,0,219,0.16578349735049205,772.9168982686896
Vercelli,126,2020-06-28,1,1322,0,219,0.16565809379727686,773.5019981159785
Vercelli,127,2020-06-29,0,1322,0,219,0.16565809379727686,773.5019981159785
Vercelli,128,2020-06-30,1,1323,0,219,0.1655328798185941,774.0870979632674
Vercelli,129,2020-07-01,0,1323,0,219,0.1655328798185941,774.0870979632674
Vercelli,130,2020-07-02,0,1323,0,219,0.1655328798185941,774.0870979632674
Vercelli,131,2020-07-03,0,1323,2,221,0.1670445956160242,774.0870979632674
Vercelli,132,2020-07-04,1,1324,0,221,0.16691842900302115,774.6721978105563
