Province,Day,Date,New_cases,Curr_pos_cases,Deaths,Tot_deaths,Lethality_rate,Cumul_rates
Genova,1,24/02/2020,0,0,0,0,0,0
Genova,2,25/02/2020,0,0,0,0,0,0
Genova,3,26/02/2020,0,0,0,0,0,0
Genova,4,27/02/2020,0,0,0,0,0,0
Genova,5,28/02/2020,0,0,0,0,0,0
Genova,6,29/02/2020,0,0,0,0,0,0
Genova,7,01/03/2020,1,1,0,0,0,0.12
Genova,8,02/03/2020,0,1,0,0,0,0.12
Genova,9,03/03/2020,0,1,0,0,0,0.12
Genova,10,04/03/2020,0,1,0,0,0,0.12
Genova,11,05/03/2020,0,1,0,0,0,0.12
Genova,12,06/03/2020,8,9,0,0,0,1.04
Genova,13,07/03/2020,6,15,0,0,0,1.74
Genova,14,08/03/2020,10,25,0,0,0,2.9
Genova,15,09/03/2020,13,38,0,0,0,4.41
Genova,16,10/03/2020,4,42,0,0,0,4.87
Genova,17,11/03/2020,21,63,0,0,0,7.31
Genova,18,12/03/2020,29,92,0,0,0,10.67
Genova,19,13/03/2020,36,128,0,0,0,14.85
Genova,20,14/03/2020,103,231,0,0,0,26.79
Genova,21,15/03/2020,43,274,0,0,0,31.78
Genova,22,16/03/2020,0,274,0,0,0,31.78
Genova,23,17/03/2020,56,330,0,0,0,38.28
Genova,24,18/03/2020,48,378,0,0,0,43.84
Genova,25,19/03/2020,110,488,0,0,0,56.6
Genova,26,20/03/2020,39,527,0,0,0,61.12
Genova,27,21/03/2020,34,561,0,0,0,65.07
Genova,28,22/03/2020,116,677,0,0,0,78.52
Genova,29,23/03/2020,12,689,0,0,0,79.91
Genova,30,24/03/2020,7,696,0,0,0,80.73
Genova,31,25/03/2020,86,782,0,0,0,90.7
Genova,32,26/03/2020,-20,762,0,0,0,88.38
Genova,33,27/03/2020,55,817,0,0,0,94.76
Genova,34,28/03/2020,62,879,0,0,0,101.95
Genova,35,29/03/2020,147,1026,0,0,0,119
Genova,36,30/03/2020,43,1069,0,0,0,123.99
Genova,37,31/03/2020,26,1095,0,0,0,127
Genova,38,01/04/2020,13,1108,0,0,0,128.51
Genova,39,02/04/2020,45,1153,0,0,0,133.73
Genova,40,03/04/2020,27,1180,0,0,0,136.86
Genova,41,04/04/2020,132,1312,0,0,0,152.17
Genova,42,05/04/2020,612,1924,0,0,0,223.16
Genova,43,06/04/2020,78,2002,0,0,0,232.2
Genova,44,07/04/2020,155,2157,0,0,0,250.18
Genova,45,08/04/2020,628,2785,0,0,0,323.02
Genova,46,09/04/2020,64,2849,0,0,0,330.44
Genova,47,10/04/2020,69,2918,0,0,0,338.45
Genova,48,11/04/2020,14,2932,0,0,0,340.07
Genova,49,12/04/2020,154,3086,0,0,0,357.93
Genova,50,13/04/2020,0,3086,0,0,0,357.93
Genova,51,14/04/2020,386,3472,0,0,0,402.7
Genova,52,15/04/2020,15,3487,0,0,0,404.44
Genova,53,16/04/2020,35,3522,0,0,0,408.5
Genova,54,17/04/2020,35,3557,0,0,0,412.56
Genova,55,18/04/2020,87,3644,0,0,0,422.65
Genova,56,19/04/2020,62,3706,0,0,0,429.84
Genova,57,20/04/2020,86,3792,0,0,0,439.82
Genova,58,21/04/2020,63,3855,0,0,0,447.13
Genova,59,22/04/2020,82,3937,0,0,0,456.64
Genova,60,23/04/2020,94,4031,0,0,0,467.54
Genova,61,24/04/2020,61,4092,0,0,0,474.61
Genova,62,25/04/2020,45,4137,0,0,0,479.83
Genova,63,26/04/2020,156,4293,0,0,0,497.93
Genova,64,27/04/2020,145,4438,0,0,0,514.74
Genova,65,28/04/2020,55,4493,0,0,0,521.12
Genova,66,29/04/2020,78,4571,0,0,0,530.17
Genova,67,30/04/2020,45,4616,0,0,0,535.39
Genova,68,01/05/2020,70,4686,0,0,0,543.51
Genova,69,02/05/2020,146,4832,0,0,0,560.44
Genova,70,03/05/2020,8,4840,0,0,0,561.37
Genova,71,04/05/2020,38,4878,0,0,0,565.78
Genova,72,05/05/2020,45,4923,0,0,0,571
Genova,73,06/05/2020,45,4968,0,0,0,576.22
Genova,74,07/05/2020,39,5007,0,0,0,580.74
Genova,75,08/05/2020,49,5056,0,0,0,586.42
Genova,76,09/05/2020,-10,5046,0,0,0,585.26
Genova,77,10/05/2020,19,5065,0,0,0,587.47
Genova,78,11/05/2020,30,5095,0,0,0,590.95
Genova,79,12/05/2020,-17,5078,0,0,0,588.98
Genova,80,13/05/2020,44,5122,0,0,0,594.08
Genova,81,14/05/2020,43,5165,0,0,0,599.07
Genova,82,15/05/2020,62,5227,0,0,0,606.26
Genova,83,16/05/2020,33,5260,0,0,0,610.08
Genova,84,17/05/2020,28,5288,0,0,0,613.33
Genova,85,18/05/2020,24,5312,0,0,0,616.12
Genova,86,19/05/2020,39,5351,0,0,0,620.64
Genova,87,20/05/2020,24,5375,0,0,0,623.42
Genova,88,21/05/2020,49,5424,0,0,0,629.11
Genova,89,22/05/2020,35,5459,0,0,0,633.17
Genova,90,23/05/2020,34,5493,0,0,0,637.11
Genova,91,24/05/2020,48,5541,0,0,0,642.68
Genova,92,25/05/2020,7,5548,0,0,0,643.49
Genova,93,26/05/2020,41,5589,0,0,0,648.24
Genova,94,27/05/2020,27,5616,0,0,0,651.38
Genova,95,28/05/2020,22,5638,0,0,0,653.93
Genova,96,29/05/2020,8,5646,0,0,0,654.86
Genova,97,30/05/2020,11,5657,0,0,0,656.13
Genova,98,31/05/2020,7,5664,0,0,0,656.94
Genova,99,01/06/2020,50,5714,0,0,0,662.74
Genova,100,02/06/2020,11,5725,0,0,0,664.02
Genova,101,03/06/2020,15,5740,0,0,0,665.76
Genova,102,04/06/2020,7,5747,0,0,0,666.57
Genova,103,05/06/2020,10,5757,0,0,0,667.73
Genova,104,06/06/2020,6,5763,0,0,0,668.43
Genova,105,07/06/2020,13,5776,0,0,0,669.93
Genova,106,08/06/2020,11,5787,0,0,0,671.21
Genova,107,09/06/2020,6,5793,0,0,0,671.91
Genova,108,10/06/2020,11,5804,0,0,0,673.18
Genova,109,11/06/2020,3,5807,0,0,0,673.53
Genova,110,12/06/2020,5,5812,0,0,0,674.11
Genova,111,13/06/2020,2,5814,0,0,0,674.34
Genova,112,14/06/2020,4,5818,0,0,0,674.8
Genova,113,15/06/2020,6,5824,0,0,0,675.5
Genova,114,16/06/2020,2,5826,0,0,0,675.73
Genova,115,17/06/2020,4,5830,0,0,0,676.2
Genova,116,18/06/2020,6,5836,0,0,0,676.89
Genova,117,19/06/2020,5,5841,0,0,0,677.47
Genova,118,20/06/2020,10,5851,0,0,0,678.63
Genova,119,21/06/2020,5,5856,0,0,0,679.21
Genova,120,22/06/2020,7,5863,0,0,0,680.02
Genova,121,23/06/2020,4,5867,0,0,0,680.49
Genova,122,24/06/2020,-338,5529,0,0,0,641.29
Genova,123,25/06/2020,15,5544,0,0,0,643.02
Genova,124,26/06/2020,4,5548,0,0,0,643.49
Genova,125,27/06/2020,5,5553,0,0,0,644.07
Genova,126,28/06/2020,3,5556,0,0,0,644.42
Genova,127,29/06/2020,3,5559,0,0,0,644.76
Genova,128,30/06/2020,14,5573,0,0,0,646.39
Genova,129,01/07/2020,1,5574,0,0,0,646.5
Genova,130,02/07/2020,1,5575,0,0,0,646.62
Genova,131,03/07/2020,2,5577,0,0,0,646.85
Genova,132,04/07/2020,9,5586,0,0,0,647.9
Genova,133,05/07/2020,9,5595,0,0,0,648.94
Genova,134,06/07/2020,-3,5592,0,0,0,648.59
Genova,135,07/07/2020,3,5595,0,0,0,648.94
Genova,136,08/07/2020,5,5600,0,0,0,649.52
Genova,137,09/07/2020,1,5601,0,0,0,649.64
Genova,138,10/07/2020,13,5614,0,0,0,651.14
Genova,139,11/07/2020,5,5619,0,0,0,651.72
Genova,140,12/07/2020,0,5619,0,0,0,651.72
Genova,141,13/07/2020,0,5619,0,0,0,651.72
Genova,142,14/07/2020,2,5621,0,0,0,651.96
Genova,143,15/07/2020,2,5623,0,0,0,652.19
Genova,144,16/07/2020,4,5627,0,0,0,652.65
Genova,145,17/07/2020,0,5627,0,0,0,652.65
Genova,146,18/07/2020,4,5631,0,0,0,653.12
Genova,147,19/07/2020,3,5634,0,0,0,653.46
Genova,148,20/07/2020,1,5635,0,0,0,653.58
Genova,149,21/07/2020,0,5635,0,0,0,653.58
Genova,150,22/07/2020,1,5636,0,0,0,653.7
Genova,151,23/07/2020,0,5636,0,0,0,653.7
Genova,152,24/07/2020,1,5637,0,0,0,653.81
Genova,153,25/07/2020,2,5639,0,0,0,654.04
Genova,154,26/07/2020,0,5639,0,0,0,654.04
Genova,155,27/07/2020,18,5657,0,0,0,656.13
Genova,156,28/07/2020,4,5661,0,0,0,656.6
Genova,157,29/07/2020,12,5673,0,0,0,657.99
Genova,158,30/07/2020,5,5678,0,0,0,658.57
Genova,159,31/07/2020,1,5679,0,0,0,658.68
Genova,160,01/08/2020,13,5692,0,0,0,660.19
Genova,161,02/08/2020,3,5695,0,0,0,660.54
Genova,162,03/08/2020,2,5697,0,0,0,660.77
Genova,163,04/08/2020,1,5698,0,0,0,660.89
Genova,164,05/08/2020,1,5699,0,0,0,661
Genova,165,06/08/2020,9,5708,0,0,0,662.05
Genova,166,07/08/2020,5,5713,0,0,0,662.63
Genova,167,08/08/2020,0,5713,1,1,0,662.63
Genova,168,09/08/2020,3,5716,0,1,0,662.97
Genova,169,10/08/2020,1,5717,0,1,0,663.09
Genova,170,11/08/2020,1,5718,0,1,0,663.21
Genova,171,12/08/2020,7,5725,0,1,0,664.02
Genova,172,13/08/2020,10,5735,0,1,0,665.18
Genova,173,14/08/2020,5,5740,0,1,0,665.76
Genova,174,15/08/2020,13,5753,0,1,0,667.27
Genova,175,16/08/2020,5,5758,0,1,0,667.85
Genova,176,17/08/2020,2,5760,0,1,0,668.08
Genova,177,18/08/2020,10,5770,0,1,0,669.24
Genova,178,19/08/2020,16,5786,0,1,0,671.09
Genova,179,20/08/2020,15,5801,0,1,0,672.83
Genova,180,21/08/2020,11,5812,0,1,0,674.11
Genova,181,22/08/2020,14,5826,0,1,0,675.73
Genova,182,23/08/2020,5,5831,0,1,0,676.31
Genova,183,24/08/2020,11,5842,0,1,0,677.59
Genova,184,25/08/2020,4,5846,0,1,0,678.05
Genova,185,26/08/2020,17,5863,0,1,0,680.02
Genova,186,27/08/2020,14,5877,0,1,0,681.65
Genova,187,28/08/2020,16,5893,0,1,0,683.5
Genova,188,29/08/2020,15,5908,0,1,0,685.24
Genova,189,30/08/2020,10,5918,0,1,0,686.4
Genova,190,31/08/2020,10,5928,0,1,0,687.56
Genova,191,01/09/2020,2,5930,0,1,0,687.8
Genova,192,02/09/2020,16,5946,0,1,0,689.65
Genova,193,03/09/2020,7,5953,0,1,0,690.46
Genova,194,04/09/2020,15,5968,0,1,0,692.2
Genova,195,05/09/2020,39,6007,0,1,0,696.73
Genova,196,06/09/2020,19,6026,0,1,0,698.93
Genova,197,07/09/2020,11,6037,0,1,0,700.21
Genova,198,08/09/2020,25,6062,0,1,0,703.11
Genova,199,09/09/2020,10,6072,0,1,0,704.27
Genova,200,10/09/2020,20,6092,0,1,0,706.59
Genova,201,11/09/2020,19,6111,0,1,0,708.79
Genova,202,12/09/2020,22,6133,0,1,0,711.34
Genova,203,13/09/2020,10,6143,0,1,0,712.5
Genova,204,14/09/2020,13,6156,0,1,0,714.01
Genova,205,15/09/2020,30,6186,0,1,0,717.49
Genova,206,16/09/2020,30,6216,0,1,0,720.97
Genova,207,17/09/2020,14,6230,1,2,0,722.59
Genova,208,18/09/2020,52,6282,0,2,0,728.62
Genova,209,19/09/2020,25,6307,0,2,0,731.52
Genova,210,20/09/2020,42,6349,0,2,0,736.39
Genova,211,21/09/2020,35,6384,0,2,0,740.45
Genova,212,22/09/2020,30,6414,0,2,0,743.93
Genova,213,23/09/2020,60,6474,0,2,0,750.89
Genova,214,24/09/2020,35,6509,0,2,0,754.95
Genova,215,25/09/2020,34,6543,0,2,0,758.89
Genova,216,26/09/2020,51,6594,0,2,0,764.81
Genova,217,27/09/2020,17,6611,0,2,0,766.78
Genova,218,28/09/2020,57,6668,0,2,0,773.39
Genova,219,29/09/2020,51,6719,0,2,0,779.31
Genova,220,30/09/2020,38,6757,1,3,0,783.72
Genova,221,01/10/2020,59,6816,1,4,0,790.56
Genova,222,02/10/2020,62,6878,0,4,0,797.75
Genova,223,03/10/2020,106,6984,0,4,0,810.04
Genova,224,04/10/2020,53,7037,1,5,0,816.19
Genova,225,05/10/2020,70,7107,0,5,0,824.31
Genova,226,06/10/2020,122,7229,0,5,0,838.46
Genova,227,07/10/2020,115,7344,0,5,0,851.8
Genova,228,08/10/2020,88,7432,0,5,0,862.01
Genova,229,09/10/2020,127,7559,0,5,0,876.74
Genova,230,10/10/2020,133,7692,0,5,0,892.16
Genova,231,11/10/2020,304,7996,0,5,0,927.42
Genova,232,12/10/2020,116,8112,1,6,0,940.88
Genova,233,13/10/2020,334,8446,0,6,0,979.62
Genova,234,14/10/2020,263,8709,1,7,0,1010.12
Genova,235,15/10/2020,356,9065,0,7,0,1051.41
Genova,236,16/10/2020,363,9428,5,12,0,1093.51
Genova,237,17/10/2020,295,9723,1,13,0,1127.73
Genova,238,18/10/2020,198,9921,3,16,0,1150.69
Genova,239,19/10/2020,202,10123,5,21,0,1174.12
Genova,240,20/10/2020,729,10852,2,23,0,1258.68
Genova,241,21/10/2020,363,11215,5,28,0,1300.78
Genova,242,22/10/2020,498,11713,14,42,0,1358.54
Genova,243,23/10/2020,549,12262,6,48,0,1422.22
Genova,244,24/10/2020,730,12992,3,51,0,1506.89
Genova,245,25/10/2020,376,13368,5,56,0,1550.5
Genova,246,26/10/2020,217,13585,11,67,0,1575.67
Genova,247,27/10/2020,857,14442,0,67,0,1675.07
Genova,248,28/10/2020,637,15079,14,81,0,1748.95
Genova,249,29/10/2020,583,15662,5,86,0,1816.57
Genova,250,30/10/2020,651,16313,7,93,0.01,1892.08
Genova,251,31/10/2020,695,17008,22,115,0.01,1972.69
Genova,252,01/11/2020,389,17397,0,115,0.01,2017.8
Genova,253,02/11/2020,387,17784,9,124,0.01,2062.69
Genova,254,03/11/2020,797,18581,14,138,0.01,2155.13
Genova,255,04/11/2020,722,19303,18,156,0.01,2238.87
Genova,256,05/11/2020,724,20027,29,185,0.01,2322.85
Genova,257,06/11/2020,632,20659,11,196,0.01,2396.15
Genova,258,07/11/2020,619,21278,34,230,0.01,2467.94
Genova,259,08/11/2020,516,21794,0,230,0.01,2527.79
Genova,260,09/11/2020,386,22180,15,245,0.01,2572.56
Genova,261,10/11/2020,714,22894,33,278,0.01,2655.38
Genova,262,11/11/2020,609,23503,30,308,0.01,2726.01
Genova,263,12/11/2020,528,24031,26,334,0.01,2787.25
Genova,264,13/11/2020,719,24750,13,347,0.01,2870.65
Genova,265,14/11/2020,696,25446,22,369,0.01,2951.37
Genova,266,15/11/2020,471,25917,14,383,0.01,3006
Genova,267,16/11/2020,290,26207,4,387,0.01,3039.64
Genova,268,17/11/2020,492,26699,18,405,0.01,3096.7
Genova,269,18/11/2020,335,27034,12,417,0.01,3135.56
Genova,270,19/11/2020,458,27492,14,431,0.02,3188.68
Genova,271,20/11/2020,451,27943,13,444,0.02,3240.99
Genova,272,21/11/2020,438,28381,9,453,0.02,3291.79
Genova,273,22/11/2020,334,28715,1,454,0.02,3330.53
Genova,274,23/11/2020,185,28900,5,459,0.02,3351.99
Genova,275,24/11/2020,313,29213,19,478,0.02,3388.29
Genova,276,25/11/2020,232,29445,21,499,0.02,3415.2
Genova,277,26/11/2020,351,29796,5,504,0.02,3455.91
Genova,278,27/11/2020,341,30137,11,515,0.02,3495.46
Genova,279,28/11/2020,246,30383,13,528,0.02,3523.99
Genova,280,29/11/2020,209,30592,1,529,0.02,3548.24
Genova,281,30/11/2020,169,30761,1,530,0.02,3567.84
Genova,282,01/12/2020,198,30959,9,539,0.02,3590.8
Genova,283,02/12/2020,169,31128,13,552,0.02,3610.4
Genova,284,03/12/2020,251,31379,18,570,0.02,3639.52
Genova,285,04/12/2020,190,31569,19,589,0.02,3661.55
Genova,286,05/12/2020,146,31715,21,610,0.02,3678.49
Genova,287,06/12/2020,149,31864,0,610,0.02,3695.77
Genova,288,07/12/2020,109,31973,19,629,0.02,3708.41
Genova,289,08/12/2020,121,32094,14,643,0.02,3722.45
Genova,290,09/12/2020,116,32210,21,664,0.02,3735.9
Genova,291,10/12/2020,121,32331,6,670,0.02,3749.93
Genova,292,11/12/2020,166,32497,21,691,0.02,3769.19
Genova,293,12/12/2020,140,32637,19,710,0.02,3785.43
Genova,294,13/12/2020,140,32777,6,716,0.02,3801.66
Genova,295,14/12/2020,124,32901,0,716,0.02,3816.05
Genova,296,15/12/2020,88,32989,16,732,0.02,3826.25
Genova,297,16/12/2020,143,33132,6,738,0.02,3842.84
Genova,298,17/12/2020,255,33387,0,738,0.02,3872.42
Genova,299,18/12/2020,174,33561,29,767,0.02,3892.6
Genova,300,19/12/2020,123,33684,7,774,0.02,3906.86
Genova,301,20/12/2020,164,33848,0,774,0.02,3925.89
Genova,302,21/12/2020,101,33949,0,774,0.02,3937.6
Genova,303,22/12/2020,97,34046,4,778,0.02,3948.85
Genova,304,23/12/2020,77,34123,9,787,0.02,3957.78
Genova,305,24/12/2020,189,34312,7,794,0.02,3979.7
Genova,306,25/12/2020,231,34543,9,803,0.02,4006.5
Genova,307,26/12/2020,6,34549,2,805,0.02,4007.19
Genova,308,27/12/2020,65,34614,0,805,0.02,4014.73
Genova,309,28/12/2020,110,34724,0,805,0.02,4027.49
Genova,310,29/12/2020,95,34819,0,805,0.02,4038.51
Genova,311,30/12/2020,241,35060,0,805,0.02,4066.46
Genova,312,31/12/2020,172,35232,0,805,0.02,4086.41
Genova,313,01/01/2021,176,35408,7,812,0.02,4106.82
Genova,314,02/01/2021,102,35510,0,812,0.02,4118.65
Genova,315,03/01/2021,68,35578,0,812,0.02,4126.54
Genova,316,04/01/2021,115,35693,0,812,0.02,4139.88
Genova,317,05/01/2021,131,35824,0,812,0.02,4155.07
Genova,318,06/01/2021,193,36017,0,812,0.02,4177.46
Genova,319,07/01/2021,-7,36010,0,812,0.02,4176.65
Genova,320,08/01/2021,170,36180,10,822,0.02,4196.36
Genova,321,09/01/2021,206,36386,7,829,0.02,4220.26
Genova,322,10/01/2021,120,36506,0,829,0.02,4234.18
Genova,323,11/01/2021,124,36630,0,829,0.02,4248.56
Genova,324,12/01/2021,84,36714,0,829,0.02,4258.3
Genova,325,13/01/2021,139,36853,0,829,0.02,4274.42
Genova,326,14/01/2021,120,36973,0,829,0.02,4288.34
Genova,327,15/01/2021,96,37069,0,829,0.02,4299.48
Genova,328,16/01/2021,87,37156,0,829,0.02,4309.57
Genova,329,17/01/2021,63,37219,0,829,0.02,4316.87
Genova,330,18/01/2021,80,37299,0,829,0.02,4326.15
Genova,331,19/01/2021,62,37361,0,829,0.02,4333.34
Genova,332,20/01/2021,102,37463,0,829,0.02,4345.17
Genova,333,21/01/2021,86,37549,0,829,0.02,4355.15
Genova,334,22/01/2021,149,37698,0,829,0.02,4372.43
Genova,335,23/01/2021,103,37801,13,842,0.02,4384.38
Genova,336,24/01/2021,105,37906,8,850,0.02,4396.56
Genova,337,25/01/2021,55,37961,0,850,0.02,4402.93
Genova,338,26/01/2021,94,38055,0,850,0.02,4413.84
Genova,339,27/01/2021,68,38123,0,850,0.02,4421.72
Genova,340,28/01/2021,166,38289,0,850,0.02,4440.98
Genova,341,29/01/2021,119,38408,0,850,0.02,4454.78
Genova,342,30/01/2021,108,38516,0,850,0.02,4467.31
Genova,343,31/01/2021,119,38635,0,850,0.02,4481.11
Genova,344,01/02/2021,71,38706,0,850,0.02,4489.34
Genova,345,02/02/2021,93,38799,0,850,0.02,4500.13
Genova,346,03/02/2021,57,38856,0,850,0.02,4506.74
Genova,347,04/02/2021,191,39047,0,850,0.02,4528.89
Genova,348,05/02/2021,154,39201,0,850,0.02,4546.76
Genova,349,06/02/2021,108,39309,0,850,0.02,4559.28
Genova,350,07/02/2021,189,39498,0,850,0.02,4581.2
Genova,351,08/02/2021,98,39596,0,850,0.02,4592.57
Genova,352,09/02/2021,77,39673,0,850,0.02,4601.5
Genova,353,10/02/2021,156,39829,0,850,0.02,4619.6
Genova,354,11/02/2021,162,39991,0,850,0.02,4638.39
Genova,355,12/02/2021,157,40148,0,850,0.02,4656.6
Genova,356,13/02/2021,107,40255,0,850,0.02,4669.01
Genova,357,14/02/2021,112,40367,0,850,0.02,4682
Genova,358,15/02/2021,132,40499,0,850,0.02,4697.31
Genova,359,16/02/2021,71,40570,0,850,0.02,4705.54
Genova,360,17/02/2021,105,40675,0,850,0.02,4717.72
Genova,361,18/02/2021,109,40784,0,850,0.02,4730.36
Genova,362,19/02/2021,121,40905,0,850,0.02,4744.4
Genova,363,20/02/2021,158,41063,0,850,0.02,4762.72
Genova,364,21/02/2021,63,41126,0,850,0.02,4770.03
Genova,365,22/02/2021,73,41199,0,850,0.02,4778.5
Genova,366,23/02/2021,186,41385,0,850,0.02,4800.07
Genova,367,24/02/2021,101,41486,0,850,0.02,4811.78
Genova,368,25/02/2021,216,41702,0,850,0.02,4836.84
Genova,369,26/02/2021,147,41849,0,850,0.02,4853.89
Genova,370,27/02/2021,170,42019,0,850,0.02,4873.6
Genova,371,28/02/2021,87,42106,0,850,0.02,4883.7
Genova,372,01/03/2021,144,42250,0,850,0.02,4900.4
Genova,373,02/03/2021,139,42389,0,850,0.02,4916.52
Genova,374,03/03/2021,111,42500,0,850,0.02,4929.39
Genova,375,04/03/2021,190,42690,0,850,0.02,4951.43
Genova,376,05/03/2021,201,42891,0,850,0.02,4974.74
Genova,377,06/03/2021,123,43014,0,850,0.02,4989.01
Genova,378,07/03/2021,144,43158,0,850,0.02,5005.71
Genova,379,08/03/2021,145,43303,0,850,0.02,5022.53
Genova,380,09/03/2021,126,43429,0,850,0.02,5037.14
Genova,381,10/03/2021,152,43581,0,850,0.02,5054.77
Genova,382,11/03/2021,179,43760,0,850,0.02,5075.54
Genova,383,12/03/2021,203,43963,0,850,0.02,5099.08
Genova,384,13/03/2021,147,44110,0,850,0.02,5116.13
Genova,385,14/03/2021,145,44255,0,850,0.02,5132.95
Genova,386,15/03/2021,135,44390,0,850,0.02,5148.61
Genova,387,16/03/2021,173,44563,0,850,0.02,5168.67
Genova,388,17/03/2021,163,44726,0,850,0.02,5187.58
Genova,389,18/03/2021,140,44866,0,850,0.02,5203.82
Genova,390,19/03/2021,197,45063,0,850,0.02,5226.67
Genova,391,20/03/2021,281,45344,1,851,0.02,5259.26
Genova,392,21/03/2021,190,45534,0,851,0.02,5281.29
Genova,393,22/03/2021,129,45663,0,851,0.02,5296.26
Genova,394,23/03/2021,164,45827,0,851,0.02,5315.28
Genova,395,24/03/2021,163,45990,0,851,0.02,5334.18
Genova,396,25/03/2021,245,46235,0,851,0.02,5362.6
Genova,397,26/03/2021,201,46436,0,851,0.02,5385.91
Genova,398,27/03/2021,247,46683,0,851,0.02,5414.56
Genova,399,28/03/2021,127,46810,0,851,0.02,5429.29
Genova,400,29/03/2021,171,46981,0,851,0.02,5449.13
Genova,401,30/03/2021,215,47196,0,851,0.02,5474.06
Genova,402,31/03/2021,135,47331,0,851,0.02,5489.72
Genova,403,01/04/2021,301,47632,0,851,0.02,5524.63
Genova,404,02/04/2021,203,47835,0,851,0.02,5548.18
Genova,405,03/04/2021,189,48024,0,851,0.02,5570.1
Genova,406,04/04/2021,205,48229,0,851,0.02,5593.88
Genova,407,05/04/2021,201,48430,0,851,0.02,5617.19
Genova,408,06/04/2021,36,48466,0,851,0.02,5621.36
Genova,409,07/04/2021,155,48621,0,851,0.02,5639.34
Genova,410,08/04/2021,190,48811,0,851,0.02,5661.38
Genova,411,09/04/2021,227,49038,0,851,0.02,5687.71
Genova,412,10/04/2021,168,49206,9,860,0.02,5707.19
Genova,413,11/04/2021,152,49358,0,860,0.02,5724.82
Genova,414,12/04/2021,141,49499,0,860,0.02,5741.18
Genova,415,13/04/2021,103,49602,0,860,0.02,5753.12
Genova,416,14/04/2021,154,49756,0,860,0.02,5770.99
Genova,417,15/04/2021,177,49933,0,860,0.02,5791.52
Genova,418,16/04/2021,165,50098,0,860,0.02,5810.65
Genova,419,17/04/2021,162,50260,0,860,0.02,5829.44
Genova,420,18/04/2021,83,50343,0,860,0.02,5839.07
Genova,421,19/04/2021,125,50468,0,860,0.02,5853.57
Genova,422,20/04/2021,144,50612,0,860,0.02,5870.27
Genova,423,21/04/2021,135,50747,0,860,0.02,5885.93
Genova,424,22/04/2021,200,50947,0,860,0.02,5909.13
Genova,425,23/04/2021,175,51122,0,860,0.02,5929.42
Genova,426,24/04/2021,146,51268,0,860,0.02,5946.36
Genova,427,25/04/2021,101,51369,0,860,0.02,5958.07
Genova,428,26/04/2021,125,51494,0,860,0.02,5972.57
Genova,429,27/04/2021,100,51594,0,860,0.02,5984.17
Genova,430,28/04/2021,144,51738,0,860,0.02,6000.87
Genova,431,29/04/2021,152,51890,0,860,0.02,6018.5
Genova,432,30/04/2021,172,52062,0,860,0.02,6038.45
Genova,433,01/05/2021,97,52159,0,860,0.02,6049.7
Genova,434,02/05/2021,92,52251,2,862,0.02,6060.37
Genova,435,03/05/2021,83,52334,0,862,0.02,6070
Genova,436,04/05/2021,77,52411,0,862,0.02,6078.93
Genova,437,05/05/2021,85,52496,0,862,0.02,6088.79
Genova,438,06/05/2021,112,52608,0,862,0.02,6101.78
Genova,439,07/05/2021,61,52669,0,862,0.02,6108.85
Genova,440,08/05/2021,109,52778,0,862,0.02,6121.5
Genova,441,09/05/2021,35,52813,0,862,0.02,6125.55
Genova,442,10/05/2021,28,52841,0,862,0.02,6128.8
Genova,443,11/05/2021,57,52898,0,862,0.02,6135.41
Genova,444,12/05/2021,69,52967,0,862,0.02,6143.42
Genova,445,13/05/2021,56,53023,0,862,0.02,6149.91
Genova,446,14/05/2021,73,53096,0,862,0.02,6158.38
Genova,447,15/05/2021,43,53139,0,862,0.02,6163.37
Genova,448,16/05/2021,31,53170,0,862,0.02,6166.96
Genova,449,17/05/2021,31,53201,0,862,0.02,6170.56
Genova,450,18/05/2021,27,53228,0,862,0.02,6173.69
Genova,451,19/05/2021,35,53263,0,862,0.02,6177.75
Genova,452,20/05/2021,46,53309,0,862,0.02,6183.08
Genova,453,21/05/2021,41,53350,0,862,0.02,6187.84
Genova,454,22/05/2021,26,53376,0,862,0.02,6190.85
Genova,455,23/05/2021,22,53398,0,862,0.02,6193.41
Genova,456,24/05/2021,38,53436,0,862,0.02,6197.81
Genova,457,25/05/2021,18,53454,0,862,0.02,6199.9
Genova,458,26/05/2021,37,53491,0,862,0.02,6204.19
Genova,459,27/05/2021,24,53515,0,862,0.02,6206.98
Genova,460,28/05/2021,45,53560,0,862,0.02,6212.2
Genova,461,29/05/2021,53,53613,0,862,0.02,6218.34
Genova,462,30/05/2021,22,53635,0,862,0.02,6220.89
Genova,463,31/05/2021,28,53663,0,862,0.02,6224.14
Genova,464,01/06/2021,7,53670,0,862,0.02,6224.95
Genova,465,02/06/2021,24,53694,0,862,0.02,6227.74
Genova,466,03/06/2021,25,53719,0,862,0.02,6230.64
Genova,467,04/06/2021,15,53734,0,862,0.02,6232.38
Genova,468,05/06/2021,12,53746,0,862,0.02,6233.77
Genova,469,06/06/2021,23,53769,0,862,0.02,6236.44
Genova,470,07/06/2021,4,53773,0,862,0.02,6236.9
Genova,471,08/06/2021,12,53785,0,862,0.02,6238.29
Genova,472,09/06/2021,14,53799,0,862,0.02,6239.92
Genova,473,10/06/2021,12,53811,0,862,0.02,6241.31
Genova,474,11/06/2021,5,53816,0,862,0.02,6241.89
Genova,475,12/06/2021,5,53821,0,862,0.02,6242.47
Genova,476,13/06/2021,4,53825,0,862,0.02,6242.93
Genova,477,14/06/2021,7,53832,0,862,0.02,6243.74
Genova,478,15/06/2021,8,53840,0,862,0.02,6244.67
Genova,479,16/06/2021,11,53851,0,862,0.02,6245.95
Genova,480,17/06/2021,14,53865,0,862,0.02,6247.57
Genova,481,18/06/2021,7,53872,0,862,0.02,6248.38
Genova,482,19/06/2021,3,53875,0,862,0.02,6248.73
Genova,483,20/06/2021,9,53884,0,862,0.02,6249.78
Genova,484,21/06/2021,4,53888,0,862,0.02,6250.24
Genova,485,22/06/2021,5,53893,0,862,0.02,6250.82
Genova,486,23/06/2021,7,53900,0,862,0.02,6251.63
Genova,487,24/06/2021,3,53903,0,862,0.02,6251.98
Genova,488,25/06/2021,2,53905,0,862,0.02,6252.21
Genova,489,26/06/2021,3,53908,0,862,0.02,6252.56
Genova,490,27/06/2021,5,53913,0,862,0.02,6253.14
Genova,491,28/06/2021,0,53913,0,862,0.02,6253.14
Genova,492,29/06/2021,4,53917,0,862,0.02,6253.6
Genova,493,30/06/2021,9,53926,0,862,0.02,6254.65
Genova,494,01/07/2021,6,53932,0,862,0.02,6255.34
Genova,495,02/07/2021,6,53938,0,862,0.02,6256.04
Genova,496,03/07/2021,4,53942,0,862,0.02,6256.5
Genova,497,04/07/2021,6,53948,0,862,0.02,6257.2
Genova,498,05/07/2021,9,53957,0,862,0.02,6258.24
Genova,499,06/07/2021,1,53958,0,862,0.02,6258.36
Genova,500,07/07/2021,13,53971,0,862,0.02,6259.87
Genova,501,08/07/2021,7,53978,0,862,0.02,6260.68
Genova,502,09/07/2021,11,53989,0,862,0.02,6261.95
Genova,503,10/07/2021,8,53997,0,862,0.02,6262.88
Genova,504,11/07/2021,9,54006,0,862,0.02,6263.93
Genova,505,12/07/2021,1,54007,0,862,0.02,6264.04
Genova,506,13/07/2021,10,54017,0,862,0.02,6265.2
Genova,507,14/07/2021,20,54037,0,862,0.02,6267.52
Genova,508,15/07/2021,9,54046,0,862,0.02,6268.56
Genova,509,16/07/2021,24,54070,0,862,0.02,6271.35
Genova,510,17/07/2021,22,54092,0,862,0.02,6273.9
Genova,511,18/07/2021,36,54128,0,862,0.02,6278.08
Genova,512,19/07/2021,20,54148,0,862,0.02,6280.4
Genova,513,20/07/2021,26,54174,0,862,0.02,6283.41
Genova,514,21/07/2021,62,54236,0,862,0.02,6290.6
Genova,515,22/07/2021,56,54292,0,862,0.02,6297.1
Genova,516,23/07/2021,57,54349,0,862,0.02,6303.71
Genova,517,24/07/2021,82,54431,0,862,0.02,6313.22
Genova,518,25/07/2021,41,54472,0,862,0.02,6317.97
Genova,519,26/07/2021,37,54509,0,862,0.02,6322.27
Genova,520,27/07/2021,37,54546,0,862,0.02,6326.56
Genova,521,28/07/2021,56,54602,0,862,0.02,6333.05
Genova,522,29/07/2021,50,54652,0,862,0.02,6338.85
Genova,523,30/07/2021,40,54692,0,862,0.02,6343.49
