Province,Day,Date,New_cases,Curr_pos_cases,Deaths,Tot_deaths,Lethality_rate,Cumul_rates
La Spezia,1,24/02/2020,0,0,0,0,0,0
La Spezia,2,25/02/2020,0,0,0,0,0,0
La Spezia,3,26/02/2020,1,1,0,0,0,0.46
La Spezia,4,27/02/2020,0,1,0,0,0,0.46
La Spezia,5,28/02/2020,0,1,0,0,0,0.46
La Spezia,6,29/02/2020,0,1,0,0,0,0.46
La Spezia,7,01/03/2020,0,1,0,0,0,0.46
La Spezia,8,02/03/2020,0,1,0,0,0,0.46
La Spezia,9,03/03/2020,0,1,0,0,0,0.46
La Spezia,10,04/03/2020,0,1,0,0,0,0.46
La Spezia,11,05/03/2020,0,1,0,0,0,0.46
La Spezia,12,06/03/2020,0,1,0,0,0,0.46
La Spezia,13,07/03/2020,4,5,0,0,0,2.28
La Spezia,14,08/03/2020,6,11,0,0,0,5.01
La Spezia,15,09/03/2020,4,15,0,0,0,6.83
La Spezia,16,10/03/2020,0,15,0,0,0,6.83
La Spezia,17,11/03/2020,4,19,0,0,0,8.65
La Spezia,18,12/03/2020,7,26,0,0,0,11.84
La Spezia,19,13/03/2020,11,37,0,0,0,16.85
La Spezia,20,14/03/2020,15,52,0,0,0,23.68
La Spezia,21,15/03/2020,8,60,0,0,0,27.33
La Spezia,22,16/03/2020,0,60,0,0,0,27.33
La Spezia,23,17/03/2020,5,65,0,0,0,29.61
La Spezia,24,18/03/2020,18,83,0,0,0,37.8
La Spezia,25,19/03/2020,5,88,0,0,0,40.08
La Spezia,26,20/03/2020,2,90,0,0,0,40.99
La Spezia,27,21/03/2020,4,94,0,0,0,42.81
La Spezia,28,22/03/2020,5,99,0,0,0,45.09
La Spezia,29,23/03/2020,11,110,0,0,0,50.1
La Spezia,30,24/03/2020,-6,104,0,0,0,47.37
La Spezia,31,25/03/2020,33,137,0,0,0,62.4
La Spezia,32,26/03/2020,12,149,0,0,0,67.86
La Spezia,33,27/03/2020,64,213,0,0,0,97.01
La Spezia,34,28/03/2020,21,234,0,0,0,106.58
La Spezia,35,29/03/2020,-1,233,0,0,0,106.12
La Spezia,36,30/03/2020,1,234,0,0,0,106.58
La Spezia,37,31/03/2020,14,248,0,0,0,112.96
La Spezia,38,01/04/2020,-3,245,0,0,0,111.59
La Spezia,39,02/04/2020,5,250,0,0,0,113.87
La Spezia,40,03/04/2020,73,323,0,0,0,147.12
La Spezia,41,04/04/2020,18,341,0,0,0,155.31
La Spezia,42,05/04/2020,104,445,0,0,0,202.68
La Spezia,43,06/04/2020,5,450,0,0,0,204.96
La Spezia,44,07/04/2020,13,463,0,0,0,210.88
La Spezia,45,08/04/2020,142,605,0,0,0,275.56
La Spezia,46,09/04/2020,14,619,0,0,0,281.93
La Spezia,47,10/04/2020,10,629,0,0,0,286.49
La Spezia,48,11/04/2020,0,629,0,0,0,286.49
La Spezia,49,12/04/2020,41,670,0,0,0,305.16
La Spezia,50,13/04/2020,0,670,0,0,0,305.16
La Spezia,51,14/04/2020,-10,660,0,0,0,300.61
La Spezia,52,15/04/2020,36,696,0,0,0,317
La Spezia,53,16/04/2020,24,720,0,0,0,327.93
La Spezia,54,17/04/2020,5,725,0,0,0,330.21
La Spezia,55,18/04/2020,16,741,0,0,0,337.5
La Spezia,56,19/04/2020,26,767,0,0,0,349.34
La Spezia,57,20/04/2020,10,777,0,0,0,353.9
La Spezia,58,21/04/2020,11,788,0,0,0,358.91
La Spezia,59,22/04/2020,5,793,0,0,0,361.18
La Spezia,60,23/04/2020,10,803,0,0,0,365.74
La Spezia,61,24/04/2020,6,809,0,0,0,368.47
La Spezia,62,25/04/2020,4,813,0,0,0,370.29
La Spezia,63,26/04/2020,2,815,0,0,0,371.2
La Spezia,64,27/04/2020,8,823,0,0,0,374.85
La Spezia,65,28/04/2020,-1,822,0,0,0,374.39
La Spezia,66,29/04/2020,3,825,0,0,0,375.76
La Spezia,67,30/04/2020,4,829,0,0,0,377.58
La Spezia,68,01/05/2020,6,835,0,0,0,380.31
La Spezia,69,02/05/2020,10,845,0,0,0,384.87
La Spezia,70,03/05/2020,5,850,0,0,0,387.14
La Spezia,71,04/05/2020,11,861,0,0,0,392.16
La Spezia,72,05/05/2020,4,865,0,0,0,393.98
La Spezia,73,06/05/2020,3,868,0,0,0,395.34
La Spezia,74,07/05/2020,3,871,0,0,0,396.71
La Spezia,75,08/05/2020,6,877,0,0,0,399.44
La Spezia,76,09/05/2020,9,886,0,0,0,403.54
La Spezia,77,10/05/2020,3,889,0,0,0,404.91
La Spezia,78,11/05/2020,2,891,0,0,0,405.82
La Spezia,79,12/05/2020,4,895,0,0,0,407.64
La Spezia,80,13/05/2020,1,896,0,0,0,408.1
La Spezia,81,14/05/2020,3,899,0,0,0,409.46
La Spezia,82,15/05/2020,1,900,0,0,0,409.92
La Spezia,83,16/05/2020,1,901,0,0,0,410.37
La Spezia,84,17/05/2020,1,902,0,0,0,410.83
La Spezia,85,18/05/2020,1,903,0,0,0,411.28
La Spezia,86,19/05/2020,-4,899,0,0,0,409.46
La Spezia,87,20/05/2020,2,901,0,0,0,410.37
La Spezia,88,21/05/2020,-5,896,0,0,0,408.1
La Spezia,89,22/05/2020,0,896,0,0,0,408.1
La Spezia,90,23/05/2020,1,897,0,0,0,408.55
La Spezia,91,24/05/2020,0,897,0,0,0,408.55
La Spezia,92,25/05/2020,0,897,0,0,0,408.55
La Spezia,93,26/05/2020,0,897,0,0,0,408.55
La Spezia,94,27/05/2020,0,897,0,0,0,408.55
La Spezia,95,28/05/2020,-4,893,0,0,0,406.73
La Spezia,96,29/05/2020,4,897,0,0,0,408.55
La Spezia,97,30/05/2020,-5,892,0,0,0,406.27
La Spezia,98,31/05/2020,0,892,0,0,0,406.27
La Spezia,99,01/06/2020,5,897,0,0,0,408.55
La Spezia,100,02/06/2020,-5,892,0,0,0,406.27
La Spezia,101,03/06/2020,2,894,0,0,0,407.19
La Spezia,102,04/06/2020,1,895,0,0,0,407.64
La Spezia,103,05/06/2020,0,895,0,0,0,407.64
La Spezia,104,06/06/2020,1,896,0,0,0,408.1
La Spezia,105,07/06/2020,0,896,0,0,0,408.1
La Spezia,106,08/06/2020,1,897,0,0,0,408.55
La Spezia,107,09/06/2020,0,897,0,0,0,408.55
La Spezia,108,10/06/2020,0,897,0,0,0,408.55
La Spezia,109,11/06/2020,-1,896,0,0,0,408.1
La Spezia,110,12/06/2020,0,896,0,0,0,408.1
La Spezia,111,13/06/2020,0,896,0,0,0,408.1
La Spezia,112,14/06/2020,0,896,0,0,0,408.1
La Spezia,113,15/06/2020,1,897,0,0,0,408.55
La Spezia,114,16/06/2020,0,897,0,0,0,408.55
La Spezia,115,17/06/2020,1,898,0,0,0,409.01
La Spezia,116,18/06/2020,-1,897,0,0,0,408.55
La Spezia,117,19/06/2020,0,897,0,0,0,408.55
La Spezia,118,20/06/2020,0,897,0,0,0,408.55
La Spezia,119,21/06/2020,0,897,0,0,0,408.55
La Spezia,120,22/06/2020,-1,896,0,0,0,408.1
La Spezia,121,23/06/2020,0,896,0,0,0,408.1
La Spezia,122,24/06/2020,-42,854,0,0,0,388.97
La Spezia,123,25/06/2020,0,854,0,0,0,388.97
La Spezia,124,26/06/2020,1,855,0,0,0,389.42
La Spezia,125,27/06/2020,0,855,0,0,0,389.42
La Spezia,126,28/06/2020,0,855,0,0,0,389.42
La Spezia,127,29/06/2020,3,858,0,0,0,390.79
La Spezia,128,30/06/2020,2,860,0,0,0,391.7
La Spezia,129,01/07/2020,0,860,0,0,0,391.7
La Spezia,130,02/07/2020,0,860,0,0,0,391.7
La Spezia,131,03/07/2020,0,860,0,0,0,391.7
La Spezia,132,04/07/2020,1,861,0,0,0,392.16
La Spezia,133,05/07/2020,1,862,0,0,0,392.61
La Spezia,134,06/07/2020,-1,861,0,0,0,392.16
La Spezia,135,07/07/2020,1,862,0,0,0,392.61
La Spezia,136,08/07/2020,1,863,0,0,0,393.07
La Spezia,137,09/07/2020,0,863,0,0,0,393.07
La Spezia,138,10/07/2020,3,866,0,0,0,394.43
La Spezia,139,11/07/2020,0,866,0,0,0,394.43
La Spezia,140,12/07/2020,0,866,0,0,0,394.43
La Spezia,141,13/07/2020,1,867,0,0,0,394.89
La Spezia,142,14/07/2020,0,867,0,0,0,394.89
La Spezia,143,15/07/2020,0,867,0,0,0,394.89
La Spezia,144,16/07/2020,0,867,0,0,0,394.89
La Spezia,145,17/07/2020,0,867,0,0,0,394.89
La Spezia,146,18/07/2020,0,867,0,0,0,394.89
La Spezia,147,19/07/2020,1,868,0,0,0,395.34
La Spezia,148,20/07/2020,0,868,0,0,0,395.34
La Spezia,149,21/07/2020,0,868,0,0,0,395.34
La Spezia,150,22/07/2020,0,868,0,0,0,395.34
La Spezia,151,23/07/2020,1,869,1,1,0,395.8
La Spezia,152,24/07/2020,0,869,0,1,0,395.8
La Spezia,153,25/07/2020,1,870,0,1,0,396.25
La Spezia,154,26/07/2020,0,870,0,1,0,396.25
La Spezia,155,27/07/2020,2,872,0,1,0,397.17
La Spezia,156,28/07/2020,0,872,0,1,0,397.17
La Spezia,157,29/07/2020,3,875,0,1,0,398.53
La Spezia,158,30/07/2020,3,878,0,1,0,399.9
La Spezia,159,31/07/2020,0,878,0,1,0,399.9
La Spezia,160,01/08/2020,0,878,0,1,0,399.9
La Spezia,161,02/08/2020,1,879,0,1,0,400.35
La Spezia,162,03/08/2020,0,879,0,1,0,400.35
La Spezia,163,04/08/2020,0,879,0,1,0,400.35
La Spezia,164,05/08/2020,0,879,0,1,0,400.35
La Spezia,165,06/08/2020,0,879,0,1,0,400.35
La Spezia,166,07/08/2020,1,880,0,1,0,400.81
La Spezia,167,08/08/2020,0,880,0,1,0,400.81
La Spezia,168,09/08/2020,0,880,0,1,0,400.81
La Spezia,169,10/08/2020,0,880,0,1,0,400.81
La Spezia,170,11/08/2020,1,881,0,1,0,401.26
La Spezia,171,12/08/2020,2,883,0,1,0,402.18
La Spezia,172,13/08/2020,12,895,0,1,0,407.64
La Spezia,173,14/08/2020,3,898,0,1,0,409.01
La Spezia,174,15/08/2020,2,900,0,1,0,409.92
La Spezia,175,16/08/2020,0,900,0,1,0,409.92
La Spezia,176,17/08/2020,2,902,0,1,0,410.83
La Spezia,177,18/08/2020,4,906,0,1,0,412.65
La Spezia,178,19/08/2020,5,911,0,1,0,414.93
La Spezia,179,20/08/2020,7,918,0,1,0,418.12
La Spezia,180,21/08/2020,1,919,0,1,0,418.57
La Spezia,181,22/08/2020,6,925,0,1,0,421.3
La Spezia,182,23/08/2020,11,936,0,1,0,426.31
La Spezia,183,24/08/2020,11,947,0,1,0,431.33
La Spezia,184,25/08/2020,5,952,0,1,0,433.6
La Spezia,185,26/08/2020,16,968,0,1,0,440.89
La Spezia,186,27/08/2020,11,979,0,1,0,445.9
La Spezia,187,28/08/2020,25,1004,0,1,0,457.29
La Spezia,188,29/08/2020,22,1026,0,1,0,467.31
La Spezia,189,30/08/2020,31,1057,0,1,0,481.43
La Spezia,190,31/08/2020,30,1087,0,1,0,495.09
La Spezia,191,01/09/2020,11,1098,0,1,0,500.1
La Spezia,192,02/09/2020,23,1121,0,1,0,510.58
La Spezia,193,03/09/2020,6,1127,0,1,0,513.31
La Spezia,194,04/09/2020,19,1146,1,2,0,521.96
La Spezia,195,05/09/2020,43,1189,0,2,0,541.55
La Spezia,196,06/09/2020,73,1262,0,2,0,574.8
La Spezia,197,07/09/2020,47,1309,0,2,0,596.2
La Spezia,198,08/09/2020,25,1334,0,2,0,607.59
La Spezia,199,09/09/2020,33,1367,0,2,0,622.62
La Spezia,200,10/09/2020,92,1459,0,2,0,664.52
La Spezia,201,11/09/2020,53,1512,0,2,0,688.66
La Spezia,202,12/09/2020,69,1581,0,2,0,720.09
La Spezia,203,13/09/2020,48,1629,0,2,0,741.95
La Spezia,204,14/09/2020,43,1672,0,2,0,761.54
La Spezia,205,15/09/2020,81,1753,0,2,0,798.43
La Spezia,206,16/09/2020,31,1784,1,3,0,812.55
La Spezia,207,17/09/2020,8,1792,1,4,0,816.19
La Spezia,208,18/09/2020,86,1878,0,4,0,855.36
La Spezia,209,19/09/2020,33,1911,2,6,0,870.39
La Spezia,210,20/09/2020,31,1942,3,9,0,884.51
La Spezia,211,21/09/2020,20,1962,0,9,0,893.62
La Spezia,212,22/09/2020,57,2019,1,10,0,919.58
La Spezia,213,23/09/2020,23,2042,0,10,0,930.06
La Spezia,214,24/09/2020,51,2093,2,12,0.01,953.29
La Spezia,215,25/09/2020,21,2114,0,12,0.01,962.85
La Spezia,216,26/09/2020,23,2137,2,14,0.01,973.33
La Spezia,217,27/09/2020,15,2152,0,14,0.01,980.16
La Spezia,218,28/09/2020,28,2180,1,15,0.01,992.91
La Spezia,219,29/09/2020,16,2196,2,17,0.01,1000.2
La Spezia,220,30/09/2020,8,2204,0,17,0.01,1003.84
La Spezia,221,01/10/2020,28,2232,3,20,0.01,1016.6
La Spezia,222,02/10/2020,22,2254,0,20,0.01,1026.62
La Spezia,223,03/10/2020,19,2273,0,20,0.01,1035.27
La Spezia,224,04/10/2020,17,2290,0,20,0.01,1043.01
La Spezia,225,05/10/2020,22,2312,0,20,0.01,1053.03
La Spezia,226,06/10/2020,14,2326,2,22,0.01,1059.41
La Spezia,227,07/10/2020,15,2341,1,23,0.01,1066.24
La Spezia,228,08/10/2020,16,2357,0,23,0.01,1073.53
La Spezia,229,09/10/2020,30,2387,0,23,0.01,1087.19
La Spezia,230,10/10/2020,30,2417,1,24,0.01,1100.86
La Spezia,231,11/10/2020,26,2443,0,24,0.01,1112.7
La Spezia,232,12/10/2020,25,2468,1,25,0.01,1124.09
La Spezia,233,13/10/2020,17,2485,0,25,0.01,1131.83
La Spezia,234,14/10/2020,33,2518,0,25,0.01,1146.86
La Spezia,235,15/10/2020,18,2536,0,25,0.01,1155.06
La Spezia,236,16/10/2020,30,2566,0,25,0.01,1168.72
La Spezia,237,17/10/2020,38,2604,0,25,0.01,1186.03
La Spezia,238,18/10/2020,67,2671,0,25,0.01,1216.55
La Spezia,239,19/10/2020,38,2709,0,25,0.01,1233.85
La Spezia,240,20/10/2020,27,2736,1,26,0.01,1246.15
La Spezia,241,21/10/2020,47,2783,1,27,0.01,1267.56
La Spezia,242,22/10/2020,54,2837,1,28,0.01,1292.15
La Spezia,243,23/10/2020,44,2881,1,29,0.01,1312.19
La Spezia,244,24/10/2020,91,2972,1,30,0.01,1353.64
La Spezia,245,25/10/2020,72,3044,0,30,0.01,1386.43
La Spezia,246,26/10/2020,94,3138,0,30,0.01,1429.25
La Spezia,247,27/10/2020,127,3265,1,31,0.01,1487.09
La Spezia,248,28/10/2020,87,3352,0,31,0.01,1526.72
La Spezia,249,29/10/2020,146,3498,0,31,0.01,1593.22
La Spezia,250,30/10/2020,82,3580,0,31,0.01,1630.56
La Spezia,251,31/10/2020,184,3764,0,31,0.01,1714.37
La Spezia,252,01/11/2020,135,3899,0,31,0.01,1775.86
La Spezia,253,02/11/2020,81,3980,0,31,0.01,1812.75
La Spezia,254,03/11/2020,56,4036,2,33,0.01,1838.26
La Spezia,255,04/11/2020,97,4133,0,33,0.01,1882.44
La Spezia,256,05/11/2020,153,4286,0,33,0.01,1952.12
La Spezia,257,06/11/2020,172,4458,1,34,0.01,2030.46
La Spezia,258,07/11/2020,149,4607,0,34,0.01,2098.33
La Spezia,259,08/11/2020,142,4749,2,36,0.01,2163
La Spezia,260,09/11/2020,46,4795,3,39,0.01,2183.95
La Spezia,261,10/11/2020,110,4905,1,40,0.01,2234.05
La Spezia,262,11/11/2020,132,5037,1,41,0.01,2294.18
La Spezia,263,12/11/2020,112,5149,1,42,0.01,2345.19
La Spezia,264,13/11/2020,160,5309,2,44,0.01,2418.06
La Spezia,265,14/11/2020,146,5455,4,48,0.01,2484.56
La Spezia,266,15/11/2020,133,5588,0,48,0.01,2545.14
La Spezia,267,16/11/2020,51,5639,0,48,0.01,2568.37
La Spezia,268,17/11/2020,35,5674,2,50,0.01,2584.31
La Spezia,269,18/11/2020,191,5865,0,50,0.01,2671.3
La Spezia,270,19/11/2020,111,5976,0,50,0.01,2721.86
La Spezia,271,20/11/2020,83,6059,0,50,0.01,2759.66
La Spezia,272,21/11/2020,114,6173,0,50,0.01,2811.58
La Spezia,273,22/11/2020,129,6302,0,50,0.01,2870.34
La Spezia,274,23/11/2020,33,6335,0,50,0.01,2885.37
La Spezia,275,24/11/2020,63,6398,0,50,0.01,2914.06
La Spezia,276,25/11/2020,86,6484,0,50,0.01,2953.23
La Spezia,277,26/11/2020,46,6530,0,50,0.01,2974.18
La Spezia,278,27/11/2020,124,6654,0,50,0.01,3030.66
La Spezia,279,28/11/2020,77,6731,0,50,0.01,3065.73
La Spezia,280,29/11/2020,67,6798,0,50,0.01,3096.25
La Spezia,281,30/11/2020,21,6819,1,51,0.01,3105.81
La Spezia,282,01/12/2020,35,6854,4,55,0.01,3121.75
La Spezia,283,02/12/2020,64,6918,4,59,0.01,3150.9
La Spezia,284,03/12/2020,85,7003,0,59,0.01,3189.62
La Spezia,285,04/12/2020,54,7057,1,60,0.01,3214.21
La Spezia,286,05/12/2020,38,7095,2,62,0.01,3231.52
La Spezia,287,06/12/2020,51,7146,3,65,0.01,3254.75
La Spezia,288,07/12/2020,8,7154,4,69,0.01,3258.39
La Spezia,289,08/12/2020,37,7191,2,71,0.01,3275.25
La Spezia,290,09/12/2020,23,7214,1,72,0.01,3285.72
La Spezia,291,10/12/2020,87,7301,0,72,0.01,3325.35
La Spezia,292,11/12/2020,68,7369,3,75,0.01,3356.32
La Spezia,293,12/12/2020,45,7414,2,77,0.01,3376.82
La Spezia,294,13/12/2020,48,7462,1,78,0.01,3398.68
La Spezia,295,14/12/2020,23,7485,0,78,0.01,3409.15
La Spezia,296,15/12/2020,46,7531,1,79,0.01,3430.1
La Spezia,297,16/12/2020,80,7611,3,82,0.01,3466.54
La Spezia,298,17/12/2020,55,7666,0,82,0.01,3491.59
La Spezia,299,18/12/2020,34,7700,1,83,0.01,3507.08
La Spezia,300,19/12/2020,40,7740,1,84,0.01,3525.3
La Spezia,301,20/12/2020,47,7787,2,86,0.01,3546.7
La Spezia,302,21/12/2020,3,7790,0,86,0.01,3548.07
La Spezia,303,22/12/2020,21,7811,0,86,0.01,3557.63
La Spezia,304,23/12/2020,51,7862,3,89,0.01,3580.86
La Spezia,305,24/12/2020,60,7922,1,90,0.01,3608.19
La Spezia,306,25/12/2020,66,7988,2,92,0.01,3638.25
La Spezia,307,26/12/2020,14,8002,0,92,0.01,3644.63
La Spezia,308,27/12/2020,18,8020,0,92,0.01,3652.83
La Spezia,309,28/12/2020,20,8040,0,92,0.01,3661.94
La Spezia,310,29/12/2020,77,8117,0,92,0.01,3697.01
La Spezia,311,30/12/2020,54,8171,0,92,0.01,3721.6
La Spezia,312,31/12/2020,58,8229,0,92,0.01,3748.02
La Spezia,313,01/01/2021,79,8308,0,92,0.01,3784
La Spezia,314,02/01/2021,23,8331,0,92,0.01,3794.48
La Spezia,315,03/01/2021,70,8401,0,92,0.01,3826.36
La Spezia,316,04/01/2021,15,8416,0,92,0.01,3833.19
La Spezia,317,05/01/2021,42,8458,0,92,0.01,3852.32
La Spezia,318,06/01/2021,36,8494,0,92,0.01,3868.72
La Spezia,319,07/01/2021,83,8577,0,92,0.01,3906.52
La Spezia,320,08/01/2021,45,8622,5,97,0.01,3927.02
La Spezia,321,09/01/2021,76,8698,0,97,0.01,3961.63
La Spezia,322,10/01/2021,64,8762,10,107,0.01,3990.78
La Spezia,323,11/01/2021,11,8773,0,107,0.01,3995.79
La Spezia,324,12/01/2021,37,8810,0,107,0.01,4012.64
La Spezia,325,13/01/2021,89,8899,0,107,0.01,4053.18
La Spezia,326,14/01/2021,40,8939,0,107,0.01,4071.4
La Spezia,327,15/01/2021,33,8972,0,107,0.01,4086.43
La Spezia,328,16/01/2021,56,9028,0,107,0.01,4111.93
La Spezia,329,17/01/2021,47,9075,0,107,0.01,4133.34
La Spezia,330,18/01/2021,24,9099,0,107,0.01,4144.27
La Spezia,331,19/01/2021,27,9126,0,107,0.01,4156.57
La Spezia,332,20/01/2021,52,9178,0,107,0.01,4180.25
La Spezia,333,21/01/2021,38,9216,0,107,0.01,4197.56
La Spezia,334,22/01/2021,19,9235,0,107,0.01,4206.22
La Spezia,335,23/01/2021,47,9282,0,107,0.01,4227.62
La Spezia,336,24/01/2021,38,9320,6,113,0.01,4244.93
La Spezia,337,25/01/2021,11,9331,0,113,0.01,4249.94
La Spezia,338,26/01/2021,23,9354,0,113,0.01,4260.42
La Spezia,339,27/01/2021,59,9413,0,113,0.01,4287.29
La Spezia,340,28/01/2021,35,9448,0,113,0.01,4303.23
La Spezia,341,29/01/2021,71,9519,0,113,0.01,4335.57
La Spezia,342,30/01/2021,38,9557,0,113,0.01,4352.88
La Spezia,343,31/01/2021,53,9610,0,113,0.01,4377.02
La Spezia,344,01/02/2021,22,9632,0,113,0.01,4387.04
La Spezia,345,02/02/2021,18,9650,0,113,0.01,4395.23
La Spezia,346,03/02/2021,59,9709,0,113,0.01,4422.11
La Spezia,347,04/02/2021,82,9791,0,113,0.01,4459.45
La Spezia,348,05/02/2021,31,9822,0,113,0.01,4473.57
La Spezia,349,06/02/2021,50,9872,0,113,0.01,4496.35
La Spezia,350,07/02/2021,39,9911,0,113,0.01,4514.11
La Spezia,351,08/02/2021,21,9932,0,113,0.01,4523.68
La Spezia,352,09/02/2021,24,9956,0,113,0.01,4534.61
La Spezia,353,10/02/2021,42,9998,0,113,0.01,4553.74
La Spezia,354,11/02/2021,34,10032,0,113,0.01,4569.22
La Spezia,355,12/02/2021,33,10065,0,113,0.01,4584.25
La Spezia,356,13/02/2021,47,10112,0,113,0.01,4605.66
La Spezia,357,14/02/2021,23,10135,0,113,0.01,4616.13
La Spezia,358,15/02/2021,14,10149,0,113,0.01,4622.51
La Spezia,359,16/02/2021,26,10175,0,113,0.01,4634.35
La Spezia,360,17/02/2021,56,10231,0,113,0.01,4659.86
La Spezia,361,18/02/2021,42,10273,0,113,0.01,4678.99
La Spezia,362,19/02/2021,22,10295,0,113,0.01,4689.01
La Spezia,363,20/02/2021,52,10347,0,113,0.01,4712.69
La Spezia,364,21/02/2021,25,10372,0,113,0.01,4724.08
La Spezia,365,22/02/2021,8,10380,0,113,0.01,4727.72
La Spezia,366,23/02/2021,16,10396,0,113,0.01,4735.01
La Spezia,367,24/02/2021,49,10445,0,113,0.01,4757.33
La Spezia,368,25/02/2021,48,10493,0,113,0.01,4779.19
La Spezia,369,26/02/2021,36,10529,0,113,0.01,4795.59
La Spezia,370,27/02/2021,45,10574,0,113,0.01,4816.08
La Spezia,371,28/02/2021,39,10613,0,113,0.01,4833.85
La Spezia,372,01/03/2021,20,10633,0,113,0.01,4842.96
La Spezia,373,02/03/2021,43,10676,0,113,0.01,4862.54
La Spezia,374,03/03/2021,86,10762,0,113,0.01,4901.71
La Spezia,375,04/03/2021,54,10816,0,113,0.01,4926.31
La Spezia,376,05/03/2021,41,10857,0,113,0.01,4944.98
La Spezia,377,06/03/2021,29,10886,0,113,0.01,4958.19
La Spezia,378,07/03/2021,40,10926,0,113,0.01,4976.41
La Spezia,379,08/03/2021,4,10930,0,113,0.01,4978.23
La Spezia,380,09/03/2021,17,10947,0,113,0.01,4985.97
La Spezia,381,10/03/2021,80,11027,0,113,0.01,5022.41
La Spezia,382,11/03/2021,71,11098,0,113,0.01,5054.75
La Spezia,383,12/03/2021,70,11168,0,113,0.01,5086.63
La Spezia,384,13/03/2021,46,11214,0,113,0.01,5107.58
La Spezia,385,14/03/2021,46,11260,0,113,0.01,5128.53
La Spezia,386,15/03/2021,1,11261,0,113,0.01,5128.99
La Spezia,387,16/03/2021,35,11296,0,113,0.01,5144.93
La Spezia,388,17/03/2021,41,11337,0,113,0.01,5163.6
La Spezia,389,18/03/2021,33,11370,0,113,0.01,5178.63
La Spezia,390,19/03/2021,29,11399,2,115,0.01,5191.84
La Spezia,391,20/03/2021,35,11434,1,116,0.01,5207.78
La Spezia,392,21/03/2021,13,11447,0,116,0.01,5213.7
La Spezia,393,22/03/2021,25,11472,0,116,0.01,5225.09
La Spezia,394,23/03/2021,44,11516,0,116,0.01,5245.13
La Spezia,395,24/03/2021,78,11594,0,116,0.01,5280.66
La Spezia,396,25/03/2021,45,11639,0,116,0.01,5301.15
La Spezia,397,26/03/2021,73,11712,0,116,0.01,5334.4
La Spezia,398,27/03/2021,65,11777,0,116,0.01,5364.01
La Spezia,399,28/03/2021,60,11837,0,116,0.01,5391.34
La Spezia,400,29/03/2021,25,11862,0,116,0.01,5402.72
La Spezia,401,30/03/2021,35,11897,0,116,0.01,5418.66
La Spezia,402,31/03/2021,73,11970,0,116,0.01,5451.91
La Spezia,403,01/04/2021,67,12037,0,116,0.01,5482.43
La Spezia,404,02/04/2021,52,12089,0,116,0.01,5506.11
La Spezia,405,03/04/2021,69,12158,0,116,0.01,5537.54
La Spezia,406,04/04/2021,64,12222,0,116,0.01,5566.69
La Spezia,407,05/04/2021,7,12229,0,116,0.01,5569.88
La Spezia,408,06/04/2021,25,12254,0,116,0.01,5581.26
La Spezia,409,07/04/2021,22,12276,0,116,0.01,5591.28
La Spezia,410,08/04/2021,56,12332,0,116,0.01,5616.79
La Spezia,411,09/04/2021,40,12372,0,116,0.01,5635.01
La Spezia,412,10/04/2021,33,12405,1,117,0.01,5650.04
La Spezia,413,11/04/2021,44,12449,0,117,0.01,5670.08
La Spezia,414,12/04/2021,17,12466,0,117,0.01,5677.82
La Spezia,415,13/04/2021,23,12489,0,117,0.01,5688.3
La Spezia,416,14/04/2021,71,12560,0,117,0.01,5720.64
La Spezia,417,15/04/2021,56,12616,0,117,0.01,5746.14
La Spezia,418,16/04/2021,33,12649,0,117,0.01,5761.17
La Spezia,419,17/04/2021,34,12683,0,117,0.01,5776.66
La Spezia,420,18/04/2021,42,12725,0,117,0.01,5795.79
La Spezia,421,19/04/2021,18,12743,0,117,0.01,5803.99
La Spezia,422,20/04/2021,20,12763,0,117,0.01,5813.1
La Spezia,423,21/04/2021,38,12801,0,117,0.01,5830.4
La Spezia,424,22/04/2021,23,12824,0,117,0.01,5840.88
La Spezia,425,23/04/2021,55,12879,0,117,0.01,5865.93
La Spezia,426,24/04/2021,26,12905,0,117,0.01,5877.77
La Spezia,427,25/04/2021,25,12930,0,117,0.01,5889.16
La Spezia,428,26/04/2021,5,12935,0,117,0.01,5891.44
La Spezia,429,27/04/2021,16,12951,0,117,0.01,5898.72
La Spezia,430,28/04/2021,38,12989,0,117,0.01,5916.03
La Spezia,431,29/04/2021,33,13022,0,117,0.01,5931.06
La Spezia,432,30/04/2021,25,13047,0,117,0.01,5942.45
La Spezia,433,01/05/2021,33,13080,0,117,0.01,5957.48
La Spezia,434,02/05/2021,28,13108,2,119,0.01,5970.23
La Spezia,435,03/05/2021,7,13115,0,119,0.01,5973.42
La Spezia,436,04/05/2021,17,13132,0,119,0.01,5981.16
La Spezia,437,05/05/2021,47,13179,0,119,0.01,6002.57
La Spezia,438,06/05/2021,20,13199,0,119,0.01,6011.68
La Spezia,439,07/05/2021,24,13223,0,119,0.01,6022.61
La Spezia,440,08/05/2021,28,13251,0,119,0.01,6035.36
La Spezia,441,09/05/2021,48,13299,0,119,0.01,6057.22
La Spezia,442,10/05/2021,5,13304,0,119,0.01,6059.5
La Spezia,443,11/05/2021,23,13327,0,119,0.01,6069.98
La Spezia,444,12/05/2021,42,13369,0,119,0.01,6089.11
La Spezia,445,13/05/2021,19,13388,0,119,0.01,6097.76
La Spezia,446,14/05/2021,25,13413,0,119,0.01,6109.15
La Spezia,447,15/05/2021,26,13439,0,119,0.01,6120.99
La Spezia,448,16/05/2021,16,13455,0,119,0.01,6128.28
La Spezia,449,17/05/2021,1,13456,0,119,0.01,6128.73
La Spezia,450,18/05/2021,19,13475,0,119,0.01,6137.39
La Spezia,451,19/05/2021,18,13493,0,119,0.01,6145.58
La Spezia,452,20/05/2021,20,13513,0,119,0.01,6154.69
La Spezia,453,21/05/2021,12,13525,0,119,0.01,6160.16
La Spezia,454,22/05/2021,19,13544,0,119,0.01,6168.81
La Spezia,455,23/05/2021,8,13552,0,119,0.01,6172.46
La Spezia,456,24/05/2021,8,13560,0,119,0.01,6176.1
La Spezia,457,25/05/2021,15,13575,0,119,0.01,6182.93
La Spezia,458,26/05/2021,17,13592,0,119,0.01,6190.68
La Spezia,459,27/05/2021,7,13599,0,119,0.01,6193.86
La Spezia,460,28/05/2021,4,13603,0,119,0.01,6195.69
La Spezia,461,29/05/2021,6,13609,0,119,0.01,6198.42
La Spezia,462,30/05/2021,4,13613,0,119,0.01,6200.24
La Spezia,463,31/05/2021,4,13617,0,119,0.01,6202.06
La Spezia,464,01/06/2021,6,13623,0,119,0.01,6204.8
La Spezia,465,02/06/2021,7,13630,0,119,0.01,6207.98
La Spezia,466,03/06/2021,0,13630,0,119,0.01,6207.98
La Spezia,467,04/06/2021,3,13633,0,119,0.01,6209.35
La Spezia,468,05/06/2021,0,13633,0,119,0.01,6209.35
La Spezia,469,06/06/2021,5,13638,0,119,0.01,6211.63
La Spezia,470,07/06/2021,0,13638,0,119,0.01,6211.63
La Spezia,471,08/06/2021,5,13643,0,119,0.01,6213.9
La Spezia,472,09/06/2021,1,13644,0,119,0.01,6214.36
La Spezia,473,10/06/2021,5,13649,0,119,0.01,6216.64
