Province,Day,Date,New_cases,Curr_pos_cases,Deaths,Tot_deaths,Lethality_rate,Cumul_rates
Foggia,1,24/02/2020,0,0,0,0,0.0,1000000.0
Foggia,2,25/02/2020,0,0,0,0,0.0,1000000.0
Foggia,3,26/02/2020,0,0,0,0,0.0,1000000.0
Foggia,4,27/02/2020,0,0,0,0,0.0,1000000.0
Foggia,5,28/02/2020,0,0,0,0,0.0,1000000.0
Foggia,6,29/02/2020,0,0,0,0,0.0,1000000.0
Foggia,7,01/03/2020,0,0,0,0,0.0,1000000.0
Foggia,8,02/03/2020,0,0,0,0,0.0,1000000.0
Foggia,9,03/03/2020,1,1,1,1,1.0,1000000.0
Foggia,10,04/03/2020,1,2,0,1,0.5,1000000.0
Foggia,11,05/03/2020,5,7,0,1,0.14300000000000002,1000000.0
Foggia,12,06/03/2020,0,7,1,2,0.28600000000000003,1000000.0
Foggia,13,07/03/2020,2,9,1,3,0.33299999999999996,1000000.0
Foggia,14,08/03/2020,7,16,0,3,0.188,1000000.0
Foggia,15,09/03/2020,7,23,0,3,0.13,1000000.0
Foggia,16,10/03/2020,0,23,1,4,0.174,1000000.0
Foggia,17,11/03/2020,1,24,0,4,0.16699999999999998,1000000.0
Foggia,18,12/03/2020,9,33,0,4,0.121,1000000.0
Foggia,19,13/03/2020,1,34,0,4,0.11800000000000001,1000000.0
Foggia,20,14/03/2020,18,52,0,4,0.077,1000000.0
Foggia,21,15/03/2020,10,62,0,4,0.065,1000000.0
Foggia,22,16/03/2020,0,62,0,4,0.065,1000000.0
Foggia,23,17/03/2020,29,91,0,4,0.044000000000000004,1000000.0
Foggia,24,18/03/2020,0,91,0,4,0.044000000000000004,1000000.0
Foggia,25,19/03/2020,43,134,1,5,0.037000000000000005,1000000.0
Foggia,26,20/03/2020,29,163,0,5,0.031,1000000.0
Foggia,27,21/03/2020,27,190,1,6,0.032,1000000.0
Foggia,28,22/03/2020,22,212,1,7,0.033,1000000.0
Foggia,29,23/03/2020,14,226,4,11,0.049,1000000.0
Foggia,30,24/03/2020,29,255,3,14,0.055,1000000.0
Foggia,31,25/03/2020,22,277,2,16,0.057999999999999996,1000000.0
Foggia,32,26/03/2020,28,305,8,24,0.079,1000000.0
Foggia,33,27/03/2020,20,325,1,25,0.077,1000000.0
Foggia,34,28/03/2020,30,355,1,26,0.073,1000000.0
Foggia,35,29/03/2020,22,377,10,36,0.095,1000000.0
Foggia,36,30/03/2020,28,405,3,39,0.096,1000000.0
Foggia,37,31/03/2020,52,457,9,48,0.105,1000000.0
Foggia,38,01/04/2020,33,490,2,50,0.102,1000000.0
Foggia,39,02/04/2020,12,502,3,53,0.106,1000000.0
Foggia,40,03/04/2020,25,527,6,59,0.11199999999999999,1000000.0
Foggia,41,04/04/2020,19,546,0,59,0.10800000000000001,1000000.0
Foggia,42,05/04/2020,18,564,5,64,0.113,1000000.0
Foggia,43,06/04/2020,41,605,4,68,0.11199999999999999,1000000.0
Foggia,44,07/04/2020,30,635,5,73,0.115,1000000.0
Foggia,45,08/04/2020,17,652,4,77,0.11800000000000001,1000000.0
Foggia,46,09/04/2020,49,701,1,78,0.111,1000000.0
Foggia,47,10/04/2020,20,721,2,80,0.111,1000000.0
Foggia,48,11/04/2020,3,724,3,83,0.115,1000000.0
Foggia,49,12/04/2020,15,739,2,85,0.115,1000000.0
Foggia,50,13/04/2020,-2,737,2,87,0.11800000000000001,1000000.0
Foggia,51,14/04/2020,5,742,3,90,0.121,1000000.0
Foggia,52,15/04/2020,14,756,3,93,0.12300000000000001,1000000.0
Foggia,53,16/04/2020,24,780,4,97,0.124,1000000.0
Foggia,54,17/04/2020,27,807,0,97,0.12,1000000.0
Foggia,55,18/04/2020,15,822,1,98,0.11900000000000001,1000000.0
Foggia,56,19/04/2020,30,852,1,99,0.11599999999999999,1000000.0
Foggia,57,20/04/2020,16,868,4,103,0.11900000000000001,1000000.0
Foggia,58,21/04/2020,28,896,3,106,0.11800000000000001,1000000.0
Foggia,59,22/04/2020,37,933,3,109,0.11699999999999999,1000000.0
Foggia,60,23/04/2020,23,956,6,115,0.12,1000000.0
Foggia,61,24/04/2020,13,969,2,117,0.121,1000000.0
Foggia,62,25/04/2020,9,978,4,121,0.124,1000000.0
Foggia,63,26/04/2020,8,986,5,126,0.128,1000000.0
Foggia,64,27/04/2020,3,989,4,130,0.131,1000000.0
Foggia,65,28/04/2020,15,1004,0,130,0.129,1000000.0
Foggia,66,29/04/2020,28,1032,1,131,0.127,1000000.0
Foggia,67,30/04/2020,12,1044,1,132,0.126,1000000.0
Foggia,68,01/05/2020,6,1050,3,135,0.129,1000000.0
Foggia,69,02/05/2020,16,1066,0,135,0.127,1000000.0
Foggia,70,03/05/2020,2,1068,0,135,0.126,1000000.0
Foggia,71,04/05/2020,2,1070,1,136,0.127,1000000.0
Foggia,72,05/05/2020,7,1077,2,138,0.128,1000000.0
Foggia,73,06/05/2020,11,1088,2,140,0.129,1000000.0
Foggia,74,07/05/2020,10,1098,1,141,0.128,1000000.0
Foggia,75,08/05/2020,5,1103,0,141,0.128,1000000.0
Foggia,76,09/05/2020,5,1108,0,141,0.127,1000000.0
Foggia,77,10/05/2020,3,1111,2,143,0.129,1000000.0
Foggia,78,11/05/2020,5,1116,1,144,0.129,1000000.0
Foggia,79,12/05/2020,1,1117,1,145,0.13,1000000.0
Foggia,80,13/05/2020,2,1119,2,147,0.131,1000000.0
Foggia,81,14/05/2020,2,1121,0,147,0.131,1000000.0
Foggia,82,15/05/2020,4,1125,0,147,0.131,1000000.0
Foggia,83,16/05/2020,1,1126,0,147,0.131,1000000.0
Foggia,84,17/05/2020,1,1127,0,147,0.13,1000000.0
Foggia,85,18/05/2020,1,1128,0,147,0.13,1000000.0
Foggia,86,19/05/2020,1,1129,0,147,0.13,1000000.0
Foggia,87,20/05/2020,2,1131,1,148,0.131,1000000.0
Foggia,88,21/05/2020,1,1132,0,148,0.131,1000000.0
Foggia,89,22/05/2020,3,1135,0,148,0.13,1000000.0
Foggia,90,23/05/2020,0,1135,0,148,0.13,1000000.0
Foggia,91,24/05/2020,7,1142,0,148,0.13,1000000.0
Foggia,92,25/05/2020,0,1142,1,149,0.13,1000000.0
Foggia,93,26/05/2020,0,1142,0,149,0.13,1000000.0
Foggia,94,27/05/2020,10,1152,0,149,0.129,1000000.0
Foggia,95,28/05/2020,1,1153,0,149,0.129,1000000.0
Foggia,96,29/05/2020,0,1153,1,150,0.13,1000000.0
Foggia,97,30/05/2020,0,1153,0,150,0.13,1000000.0
Foggia,98,31/05/2020,3,1156,1,151,0.131,1000000.0
Foggia,99,01/06/2020,0,1156,0,151,0.131,1000000.0
Foggia,100,02/06/2020,0,1156,0,151,0.131,1000000.0
Foggia,101,03/06/2020,1,1157,2,153,0.132,1000000.0
Foggia,102,04/06/2020,0,1157,0,153,0.132,1000000.0
Foggia,103,05/06/2020,1,1158,1,154,0.133,1000000.0
Foggia,104,06/06/2020,3,1161,1,155,0.134,1000000.0
Foggia,105,07/06/2020,1,1162,0,155,0.133,1000000.0
Foggia,106,08/06/2020,0,1162,0,155,0.133,1000000.0
Foggia,107,09/06/2020,0,1162,0,155,0.133,1000000.0
Foggia,108,10/06/2020,0,1162,0,155,0.133,1000000.0
Foggia,109,11/06/2020,1,1163,1,156,0.134,1000000.0
Foggia,110,12/06/2020,1,1164,0,156,0.134,1000000.0
Foggia,111,13/06/2020,0,1164,0,156,0.134,1000000.0
Foggia,112,14/06/2020,0,1164,0,156,0.134,1000000.0
Foggia,113,15/06/2020,0,1164,1,157,0.135,1000000.0
Foggia,114,16/06/2020,0,1164,1,158,0.136,1000000.0
Foggia,115,17/06/2020,0,1164,0,158,0.136,1000000.0
Foggia,116,18/06/2020,-1,1163,0,158,0.136,1000000.0
Foggia,117,19/06/2020,1,1164,0,158,0.136,1000000.0
Foggia,118,20/06/2020,3,1167,1,159,0.136,1000000.0
Foggia,119,21/06/2020,1,1168,0,159,0.136,1000000.0
Foggia,120,22/06/2020,0,1168,0,159,0.136,1000000.0
Foggia,121,23/06/2020,2,1170,1,160,0.13699999999999998,1000000.0
Foggia,122,24/06/2020,0,1170,0,160,0.13699999999999998,1000000.0
Foggia,123,25/06/2020,0,1170,0,160,0.13699999999999998,1000000.0
Foggia,124,26/06/2020,0,1170,0,160,0.13699999999999998,1000000.0
Foggia,125,27/06/2020,0,1170,0,160,0.13699999999999998,1000000.0
Foggia,126,28/06/2020,0,1170,0,160,0.13699999999999998,1000000.0
Foggia,127,29/06/2020,0,1170,0,160,0.13699999999999998,1000000.0
Foggia,128,30/06/2020,0,1170,1,161,0.138,1000000.0
Foggia,129,01/07/2020,-1,1169,0,161,0.138,1000000.0
Foggia,130,02/07/2020,0,1169,0,161,0.138,1000000.0
Foggia,131,03/07/2020,0,1169,0,161,0.138,1000000.0
Foggia,132,04/07/2020,0,1169,0,161,0.138,1000000.0
Foggia,133,05/07/2020,0,1169,0,161,0.138,1000000.0
Foggia,134,06/07/2020,0,1169,0,161,0.138,1000000.0
Foggia,135,07/07/2020,0,1169,1,162,0.139,1000000.0
Foggia,136,08/07/2020,0,1169,0,162,0.139,1000000.0
Foggia,137,09/07/2020,0,1169,0,162,0.139,1000000.0
Foggia,138,10/07/2020,0,1169,0,162,0.139,1000000.0
Foggia,139,11/07/2020,0,1169,0,162,0.139,1000000.0
Foggia,140,12/07/2020,0,1169,0,162,0.139,1000000.0
Foggia,141,13/07/2020,0,1169,0,162,0.139,1000000.0
Foggia,142,14/07/2020,0,1169,0,162,0.139,1000000.0
Foggia,143,15/07/2020,0,1169,0,162,0.139,1000000.0
Foggia,144,16/07/2020,0,1169,0,162,0.139,1000000.0
Foggia,145,17/07/2020,2,1171,0,162,0.138,1000000.0
Foggia,146,18/07/2020,0,1171,0,162,0.138,1000000.0
Foggia,147,19/07/2020,0,1171,0,162,0.138,1000000.0
Foggia,148,20/07/2020,0,1171,0,162,0.138,1000000.0
Foggia,149,21/07/2020,0,1171,0,162,0.138,1000000.0
Foggia,150,22/07/2020,0,1171,0,162,0.138,1000000.0
Foggia,151,23/07/2020,1,1172,0,162,0.138,1000000.0
Foggia,152,24/07/2020,6,1178,1,163,0.138,1000000.0
Foggia,153,25/07/2020,2,1180,0,163,0.138,1000000.0
Foggia,154,26/07/2020,0,1180,0,163,0.138,1000000.0
Foggia,155,27/07/2020,1,1181,1,164,0.139,1000000.0
Foggia,156,28/07/2020,2,1183,0,164,0.139,1000000.0
Foggia,157,29/07/2020,2,1185,0,164,0.138,1000000.0
Foggia,158,30/07/2020,0,1185,0,164,0.138,1000000.0
Foggia,159,31/07/2020,1,1186,0,164,0.138,1000000.0
Foggia,160,01/08/2020,12,1198,0,164,0.13699999999999998,1000000.0
Foggia,161,02/08/2020,6,1204,0,164,0.136,1000000.0
Foggia,162,03/08/2020,1,1205,1,165,0.13699999999999998,1000000.0
Foggia,163,04/08/2020,4,1209,0,165,0.136,1000000.0
Foggia,164,05/08/2020,9,1218,0,165,0.135,1000000.0
Foggia,165,06/08/2020,1,1219,0,165,0.135,1000000.0
Foggia,166,07/08/2020,3,1222,0,165,0.135,1000000.0
Foggia,167,08/08/2020,2,1224,0,165,0.135,1000000.0
Foggia,168,09/08/2020,6,1230,0,165,0.134,1000000.0
Foggia,169,10/08/2020,9,1239,0,165,0.133,1000000.0
Foggia,170,11/08/2020,1,1240,0,165,0.133,1000000.0
Foggia,171,12/08/2020,7,1247,0,165,0.132,1000000.0
Foggia,172,13/08/2020,3,1250,0,165,0.132,1000000.0
Foggia,173,14/08/2020,3,1253,0,165,0.132,1000000.0
Foggia,174,15/08/2020,13,1266,0,165,0.13,1000000.0
Foggia,175,16/08/2020,1,1267,0,165,0.13,1000000.0
Foggia,176,17/08/2020,1,1268,0,165,0.13,1000000.0
Foggia,177,18/08/2020,2,1270,0,165,0.13,1000000.0
Foggia,178,19/08/2020,8,1278,0,165,0.129,1000000.0
Foggia,179,20/08/2020,7,1285,0,165,0.128,1000000.0
Foggia,180,21/08/2020,12,1297,0,165,0.127,1000000.0
Foggia,181,22/08/2020,7,1304,0,165,0.127,1000000.0
Foggia,182,23/08/2020,9,1313,0,165,0.126,1000000.0
Foggia,183,24/08/2020,3,1316,0,165,0.125,1000000.0
Foggia,184,25/08/2020,1,1317,0,165,0.125,1000000.0
Foggia,185,26/08/2020,10,1327,0,165,0.124,1000000.0
Foggia,186,27/08/2020,10,1337,0,165,0.12300000000000001,1000000.0
Foggia,187,28/08/2020,15,1352,0,165,0.122,1000000.0
Foggia,188,29/08/2020,5,1357,0,165,0.122,1000000.0
Foggia,189,30/08/2020,14,1371,0,165,0.12,1000000.0
Foggia,190,31/08/2020,6,1377,0,165,0.12,1000000.0
Foggia,191,01/09/2020,4,1381,0,165,0.11900000000000001,1000000.0
Foggia,192,02/09/2020,5,1386,0,165,0.11900000000000001,1000000.0
Foggia,193,03/09/2020,13,1399,0,165,0.11800000000000001,1000000.0
Foggia,194,04/09/2020,7,1406,0,165,0.11699999999999999,1000000.0
Foggia,195,05/09/2020,8,1414,0,165,0.11699999999999999,1000000.0
Foggia,196,06/09/2020,12,1426,0,165,0.11599999999999999,1000000.0
Foggia,197,07/09/2020,14,1440,1,166,0.115,1000000.0
Foggia,198,08/09/2020,12,1452,0,166,0.114,1000000.0
Foggia,199,09/09/2020,11,1463,0,166,0.113,1007576.0
Foggia,200,10/09/2020,13,1476,0,166,0.11199999999999999,1016529.0
Foggia,201,11/09/2020,21,1497,0,166,0.111,1030992.0
Foggia,202,12/09/2020,12,1509,0,166,0.11,1039256.0
Foggia,203,13/09/2020,14,1523,0,166,0.109,1048898.0
Foggia,204,14/09/2020,6,1529,0,166,0.109,245.7476337347693
Foggia,205,15/09/2020,26,1555,0,166,0.107,249.9264685791801
Foggia,206,16/09/2020,22,1577,0,166,0.105,253.46240575522003
Foggia,207,17/09/2020,6,1583,0,166,0.105,254.42675225777626
Foggia,208,18/09/2020,23,1606,0,166,0.10300000000000001,258.12341385090883
Foggia,209,19/09/2020,43,1649,0,166,0.10099999999999999,265.0345637858958
Foggia,210,20/09/2020,0,1649,0,166,0.10099999999999999,265.0345637858958
Foggia,211,21/09/2020,8,1657,0,166,0.1,266.32035912263757
Foggia,212,22/09/2020,25,1682,0,166,0.099,270.3384695499556
Foggia,213,23/09/2020,10,1692,0,166,0.098,271.9457137208828
Foggia,214,24/09/2020,35,1727,0,166,0.096,277.571068319128
Foggia,215,25/09/2020,19,1746,0,166,0.095,280.62483224388967
Foggia,216,26/09/2020,36,1782,0,166,0.0931537598204265,286.4109112592276
