Province,Day,Date,New_cases,Curr_pos_cases,Deaths,Tot_deaths,Lethality_rate,Cumul_rates
Foggia,1,24/02/2020,0,0,0,0,0.0,0.0
Foggia,2,25/02/2020,0,0,0,0,0.0,0.0
Foggia,3,26/02/2020,0,0,0,0,0.0,0.0
Foggia,4,27/02/2020,0,0,0,0,0.0,0.0
Foggia,5,28/02/2020,0,0,0,0,0.0,0.0
Foggia,6,29/02/2020,0,0,0,0,0.0,0.0
Foggia,7,01/03/2020,0,0,0,0,0.0,0.0
Foggia,8,02/03/2020,0,0,0,0,0.0,0.0
Foggia,9,03/03/2020,1,1,1,1,1.0,0.16072441699999998
Foggia,10,04/03/2020,1,2,0,1,0.5,0.32144883399999996
Foggia,11,05/03/2020,5,7,0,1,0.14285714300000002,1.12507092
Foggia,12,06/03/2020,0,7,1,2,0.28571428600000004,1.12507092
Foggia,13,07/03/2020,2,9,1,3,0.333333333,1.446519754
Foggia,14,08/03/2020,7,16,0,3,0.1875,2.571590673
Foggia,15,09/03/2020,7,23,0,3,0.130434783,3.696661593
Foggia,16,10/03/2020,0,23,1,4,0.17391304300000002,3.696661593
Foggia,17,11/03/2020,1,24,0,4,0.166666667,3.85738601
Foggia,18,12/03/2020,9,33,0,4,0.12121212099999999,5.303905764
Foggia,19,13/03/2020,1,34,0,4,0.117647059,5.464630181
Foggia,20,14/03/2020,18,52,0,4,0.076923077,8.357669689
Foggia,21,15/03/2020,10,62,0,4,0.064516129,9.96491386
Foggia,22,16/03/2020,0,62,0,4,0.064516129,9.96491386
Foggia,23,17/03/2020,29,91,0,4,0.04395604400000002,14.62592196
Foggia,24,18/03/2020,0,91,0,4,0.04395604400000002,14.62592196
Foggia,25,19/03/2020,43,134,1,5,0.037313433,21.53707189
Foggia,26,20/03/2020,29,163,0,5,0.030674847,26.19807999
Foggia,27,21/03/2020,27,190,1,6,0.031578947,30.53763925
Foggia,28,22/03/2020,22,212,1,7,0.033018868,34.07357642
Foggia,29,23/03/2020,14,226,4,11,0.048672565999999994,36.32371826
Foggia,30,24/03/2020,29,255,3,14,0.054901961,40.98472636
Foggia,31,25/03/2020,22,277,2,16,0.057761732999999996,44.52066353
Foggia,32,26/03/2020,28,305,8,24,0.078688525,49.02094721
Foggia,33,27/03/2020,20,325,1,25,0.076923077,52.23543556
Foggia,34,28/03/2020,30,355,1,26,0.073239437,57.05716807
Foggia,35,29/03/2020,22,377,10,36,0.09549071599999999,60.59310524
Foggia,36,30/03/2020,28,405,3,39,0.09629629599999999,65.09338892
Foggia,37,31/03/2020,52,457,9,48,0.10503282300000001,73.45105861
Foggia,38,01/04/2020,33,490,2,50,0.10204081599999999,78.75496438
Foggia,39,02/04/2020,12,502,3,53,0.105577689,80.68365738
Foggia,40,03/04/2020,25,527,6,59,0.111954459,84.70176781
Foggia,41,04/04/2020,19,546,0,59,0.10805860800000001,87.75553173
Foggia,42,05/04/2020,18,564,5,64,0.113475177,90.64857124
Foggia,43,06/04/2020,41,605,4,68,0.112396694,97.23827234
Foggia,44,07/04/2020,30,635,5,73,0.11496063,102.06000490000001
Foggia,45,08/04/2020,17,652,4,77,0.11809816,104.7923199
Foggia,46,09/04/2020,49,701,1,78,0.111269615,112.6678164
Foggia,47,10/04/2020,20,721,2,80,0.110957004,115.8823047
Foggia,48,11/04/2020,3,724,3,83,0.114640884,116.364478
Foggia,49,12/04/2020,15,739,2,85,0.115020298,118.7753442
Foggia,50,13/04/2020,-2,737,2,87,0.11804613300000001,118.45389540000001
Foggia,51,14/04/2020,5,742,3,90,0.12129380099999999,119.2575175
Foggia,52,15/04/2020,14,756,3,93,0.12301587300000001,121.50765929999999
Foggia,53,16/04/2020,24,780,4,97,0.124358974,125.36504529999999
Foggia,54,17/04/2020,27,807,0,97,0.120198265,129.70460459999998
Foggia,55,18/04/2020,15,822,1,98,0.119221411,132.1154709
Foggia,56,19/04/2020,30,852,1,99,0.11619718300000001,136.9372034
Foggia,57,20/04/2020,16,868,4,103,0.118663594,139.508794
Foggia,58,21/04/2020,28,896,3,106,0.118303571,144.00907769999995
Foggia,59,22/04/2020,37,933,3,109,0.116827438,149.9558811
Foggia,60,23/04/2020,23,956,6,115,0.12029288699999999,153.6525427
Foggia,61,24/04/2020,13,969,2,117,0.120743034,155.7419602
Foggia,62,25/04/2020,9,978,4,121,0.12372188099999999,157.1884799
Foggia,63,26/04/2020,8,986,5,126,0.127789047,158.47427530000004
Foggia,64,27/04/2020,3,989,4,130,0.131445905,158.95644850000005
Foggia,65,28/04/2020,15,1004,0,130,0.129482072,161.3673148
Foggia,66,29/04/2020,28,1032,1,131,0.126937984,165.86759840000005
Foggia,67,30/04/2020,12,1044,1,132,0.126436782,167.7962914
Foggia,68,01/05/2020,6,1050,3,135,0.12857142900000001,168.7606379
Foggia,69,02/05/2020,16,1066,0,135,0.126641651,171.33222859999995
Foggia,70,03/05/2020,2,1068,0,135,0.126404494,171.6536775
Foggia,71,04/05/2020,2,1070,1,136,0.127102804,171.9751263
Foggia,72,05/05/2020,7,1077,2,138,0.128133705,173.1001972
Foggia,73,06/05/2020,11,1088,2,140,0.128676471,174.8681658
Foggia,74,07/05/2020,10,1098,1,141,0.128415301,176.47541
Foggia,75,08/05/2020,5,1103,0,141,0.127833182,177.2790321
Foggia,76,09/05/2020,5,1108,0,141,0.127256318,178.08265409999996
Foggia,77,10/05/2020,3,1111,2,143,0.128712871,178.56482739999996
Foggia,78,11/05/2020,5,1116,1,144,0.129032258,179.3684495
Foggia,79,12/05/2020,1,1117,1,145,0.12981199599999999,179.52917390000005
Foggia,80,13/05/2020,2,1119,2,147,0.131367292,179.8506227
Foggia,81,14/05/2020,2,1121,0,147,0.131132917,180.1720716
Foggia,82,15/05/2020,4,1125,0,147,0.130666667,180.81496919999998
Foggia,83,16/05/2020,1,1126,0,147,0.130550622,180.9756936
Foggia,84,17/05/2020,1,1127,0,147,0.130434783,181.1364181
Foggia,85,18/05/2020,1,1128,0,147,0.130319149,181.2971425
Foggia,86,19/05/2020,1,1129,0,147,0.13020372,181.4578669
Foggia,87,20/05/2020,2,1131,1,148,0.13085764800000002,181.77931569999998
Foggia,88,21/05/2020,1,1132,0,148,0.130742049,181.94004009999998
Foggia,89,22/05/2020,3,1135,0,148,0.13039647599999998,182.4222134
Foggia,90,23/05/2020,0,1135,0,148,0.13039647599999998,182.4222134
Foggia,91,24/05/2020,7,1142,0,148,0.129597198,183.5472843
Foggia,92,25/05/2020,0,1142,1,149,0.130472855,183.5472843
Foggia,93,26/05/2020,0,1142,0,149,0.130472855,183.5472843
Foggia,94,27/05/2020,10,1152,0,149,0.140472855,184.5472843
Foggia,95,28/05/2020,1,1153,0,149,0.12922810099999998,185.31525290000002
Foggia,96,29/05/2020,0,1153,1,150,0.130095403,185.31525290000002
Foggia,97,30/05/2020,0,1153,0,150,0.130095403,185.31525290000002
Foggia,98,31/05/2020,3,1156,1,151,0.13062284,185.797426
Foggia,99,01/06/2020,0,1156,0,151,0.130622837,185.7974262
Foggia,100,02/06/2020,0,1156,0,151,0.130622837,185.7974262
Foggia,101,03/06/2020,1,1157,2,153,0.132238548,185.9581506
Foggia,102,04/06/2020,0,1157,0,153,0.132238548,185.9581506
Foggia,103,05/06/2020,1,1158,1,154,0.13298791,186.118875
Foggia,104,06/06/2020,3,1161,1,155,0.133505599,186.60104819999998
Foggia,105,07/06/2020,1,1162,0,155,0.133390706,186.7617727
Foggia,106,08/06/2020,0,1162,0,155,0.133390706,186.7617727
Foggia,107,09/06/2020,0,1162,0,155,0.133390706,186.7617727
Foggia,108,10/06/2020,0,1162,0,155,0.133390706,186.7617727
Foggia,109,11/06/2020,1,1163,1,156,0.134135856,186.9224971
Foggia,110,12/06/2020,1,1164,0,156,0.134020619,187.0832215
Foggia,111,13/06/2020,0,1164,0,156,0.134020619,187.0832215
Foggia,112,14/06/2020,0,1164,0,156,0.134020619,187.0832215
Foggia,113,15/06/2020,0,1164,1,157,0.134879725,187.0832215
Foggia,114,16/06/2020,0,1164,1,158,0.135738832,187.0832215
Foggia,115,17/06/2020,0,1164,0,158,0.135738832,187.0832215
Foggia,116,18/06/2020,-1,1163,0,158,0.135855546,186.9224971
Foggia,117,19/06/2020,1,1164,0,158,0.135738832,187.0832215
Foggia,118,20/06/2020,3,1167,1,159,0.13624678699999998,187.56539469999998
Foggia,119,21/06/2020,1,1168,0,159,0.13613013699999998,187.72611919999997
Foggia,120,22/06/2020,0,1168,0,159,0.13613013699999998,187.72611919999997
Foggia,121,23/06/2020,2,1170,1,160,0.136752137,188.04756799999998
Foggia,122,24/06/2020,0,1170,0,160,0.136752137,188.04756799999998
Foggia,123,25/06/2020,0,1170,0,160,0.136752137,188.04756799999998
Foggia,124,26/06/2020,0,1170,0,160,0.136752137,188.04756799999998
Foggia,125,27/06/2020,0,1170,0,160,0.136752137,188.04756799999998
Foggia,126,28/06/2020,0,1170,0,160,0.136752137,188.04756799999998
Foggia,127,29/06/2020,0,1170,0,160,0.136752137,188.04756799999998
Foggia,128,30/06/2020,0,1170,1,161,0.137606838,188.04756799999998
Foggia,129,01/07/2020,-1,1169,0,161,0.137724551,187.8868436
Foggia,130,02/07/2020,0,1169,0,161,0.137724551,187.8868436
Foggia,131,03/07/2020,0,1169,0,161,0.137724551,187.8868436
Foggia,132,04/07/2020,0,1169,0,161,0.137724551,187.8868436
Foggia,133,05/07/2020,0,1169,0,161,0.137724551,187.8868436
Foggia,134,06/07/2020,0,1169,0,161,0.137724551,187.8868436
Foggia,135,07/07/2020,0,1169,1,162,0.13857998300000002,187.8868436
Foggia,136,08/07/2020,0,1169,0,162,0.13857998300000002,187.8868436
Foggia,137,09/07/2020,0,1169,0,162,0.13857998300000002,187.8868436
Foggia,138,10/07/2020,0,1169,0,162,0.13857998300000002,187.8868436
Foggia,139,11/07/2020,0,1169,0,162,0.13857998300000002,187.8868436
Foggia,140,12/07/2020,0,1169,0,162,0.13857998300000002,187.8868436
Foggia,141,13/07/2020,0,1169,0,162,0.13857998300000002,187.8868436
Foggia,142,14/07/2020,0,1169,0,162,0.13857998300000002,187.8868436
Foggia,143,15/07/2020,0,1169,0,162,0.13857998300000002,187.8868436
Foggia,144,16/07/2020,0,1169,0,162,0.13857998300000002,187.8868436
Foggia,145,17/07/2020,2,1171,0,162,0.138343296,188.2082924
Foggia,146,18/07/2020,0,1171,0,162,0.138343296,188.2082924
Foggia,147,19/07/2020,0,1171,0,162,0.138343296,188.2082924
Foggia,148,20/07/2020,0,1171,0,162,0.138343296,188.2082924
Foggia,149,21/07/2020,0,1171,0,162,0.138343296,188.2082924
Foggia,150,22/07/2020,0,1171,0,162,0.138343296,188.2082924
Foggia,151,23/07/2020,1,1172,0,162,0.138225256,188.3690168
Foggia,152,24/07/2020,6,1178,1,163,0.138370119,189.3333633
Foggia,153,25/07/2020,2,1180,0,163,0.138135593,189.6548122
Foggia,154,26/07/2020,0,1180,0,163,0.138135593,189.6548122
Foggia,155,27/07/2020,1,1181,1,164,0.13886536800000002,189.8155366
Foggia,156,28/07/2020,2,1183,0,164,0.1386306,190.13698540000001
Foggia,157,29/07/2020,2,1185,0,164,0.138396624,190.45843430000002
Foggia,158,30/07/2020,0,1185,0,164,0.138396624,190.45843430000002
Foggia,159,31/07/2020,1,1186,0,164,0.138279933,190.61915869999999
Foggia,160,01/08/2020,12,1198,0,164,0.136894825,192.5478517
Foggia,161,02/08/2020,6,1204,0,164,0.136212625,193.51219819999997
Foggia,162,03/08/2020,1,1205,1,165,0.136929461,193.6729226
Foggia,163,04/08/2020,4,1209,0,165,0.13647642699999998,194.3158203
Foggia,164,05/08/2020,9,1218,0,165,0.13546798,195.76234
Foggia,165,06/08/2020,1,1219,0,165,0.13535685,195.92306440000002
Foggia,166,07/08/2020,3,1222,0,165,0.13502455,196.4052377
Foggia,167,08/08/2020,2,1224,0,165,0.134803922,196.7266865
Foggia,168,09/08/2020,6,1230,0,165,0.134146341,197.691033
Foggia,169,10/08/2020,9,1239,0,165,0.133171913,199.1375528
Foggia,170,11/08/2020,1,1240,0,165,0.133064516,199.2982772
Foggia,171,12/08/2020,7,1247,0,165,0.132317562,200.4233481
Foggia,172,13/08/2020,3,1250,0,165,0.132,200.90552140000003
Foggia,173,14/08/2020,3,1253,0,165,0.13168395800000002,201.3876946
Foggia,174,15/08/2020,13,1266,0,165,0.130331754,203.477112
Foggia,175,16/08/2020,1,1267,0,165,0.130228887,203.6378365
Foggia,176,17/08/2020,1,1268,0,165,0.13012618296529968,203.7985608735693
Foggia,177,18/08/2020,2,1270,0,165,0.12910798122065728,205.4058050444966
Foggia,178,19/08/2020,8,1278,0,165,0.12910798122065728,205.40580504449656
