Province;Day;Date;New_cases;Curr_pos_cases;Deaths;Tot_deaths;Lethality_rate;Cumul_rates
Lecce;  1;24/02/2020; 0;  0; 0; 0;0,00000000;100000,0
Lecce;  2;25/02/2020; 0;  0; 0; 0;0,00000000;100000,0
Lecce;  3;26/02/2020; 0;  0; 0; 0;0,00000000;100000,0
Lecce;  4;27/02/2020; 0;  0; 0; 0;0,00000000;100000,0
Lecce;  5;28/02/2020; 0;  0; 0; 0;0,00000000;100000,0
Lecce;  6;29/02/2020; 0;  0; 0; 0;0,00000000;100000,0
Lecce;  7;01/03/2020; 0;  0; 0; 0;0,00000000;100000,0
Lecce;  8;02/03/2020; 0;  0; 0; 0;0,00000000;100000,0
Lecce;  9;03/03/2020; 0;  0; 0; 0;0,00000000;100000,0
Lecce; 10;04/03/2020; 1;  1; 0; 0;0,00000000;100000,0
Lecce; 11;05/03/2020; 0;  1; 0; 0;0,00000000;100000,0
Lecce; 12;06/03/2020; 2;  3; 0; 0;0,00000000;100000,0
Lecce; 13;07/03/2020; 1;  4; 0; 0;0,00000000;100000,0
Lecce; 14;08/03/2020; 6; 10; 0; 0;0,00000000;100000,0
Lecce; 15;09/03/2020; 0; 10; 0; 0;0,00000000;100000,0
Lecce; 16;10/03/2020; 0; 10; 1; 1;0,10000000;100000,0
Lecce; 17;11/03/2020; 2; 12; 0; 1;0,08333333;100000,0
Lecce; 18;12/03/2020; 6; 18; 0; 1;0,05555556;100000,0
Lecce; 19;13/03/2020; 1; 19; 0; 1;0,05263158;100000,0
Lecce; 20;14/03/2020; 5; 24; 3; 4;0,16666667;100000,0
Lecce; 21;15/03/2020;14; 38; 2; 6;0,15789474;100000,0
Lecce; 22;16/03/2020; 0; 38; 0; 6;0,15789474;100000,0
Lecce; 23;17/03/2020;24; 62; 0; 6;0,09677419;100000,0
Lecce; 24;18/03/2020; 3; 65; 0; 6;0,09230769;100000,0
Lecce; 25;19/03/2020; 6; 71; 0; 6;0,08450704;100000,0
Lecce; 26;20/03/2020;17; 88; 0; 6;0,06818182;100000,0
Lecce; 27;21/03/2020;15;103; 0; 6;0,05825243;100000,0
Lecce; 28;22/03/2020;17;120; 1; 7;0,05833333;100000,0
Lecce; 29;23/03/2020;29;149; 1; 8;0,05369127;100000,0
Lecce; 30;24/03/2020;12;161; 1; 9;0,05590062;100000,0
Lecce; 31;25/03/2020; 3;164; 1;10;0,06097561;100000,0
Lecce; 32;26/03/2020;13;177; 1;11;0,06214689;100000,0
Lecce; 33;27/03/2020;38;215; 1;12;0,05581395;100000,0
Lecce; 34;28/03/2020;24;239; 1;13;0,05439331;100000,0
Lecce; 35;29/03/2020; 0;239; 2;15;0,06276151;100000,0
Lecce; 36;30/03/2020;54;293; 1;16;0,05460751;100000,0
Lecce; 37;31/03/2020;10;303; 3;19;0,06270627;100000,0
Lecce; 38;01/04/2020;18;321; 5;24;0,07476636;100000,0
Lecce; 39;02/04/2020;32;353; 1;25;0,07082153;100000,0
Lecce; 40;03/04/2020; 6;359;11;36;0,10027855;100000,0
Lecce; 41;04/04/2020; 3;362; 1;37;0,10220994;100000,0
Lecce; 42;05/04/2020; 6;368; 3;40;0,10869565;100000,0
Lecce; 43;06/04/2020;10;378; 0;40;0,10582011;100000,0
Lecce; 44;07/04/2020; 6;384; 0;40;0,10416667;100000,0
Lecce; 45;08/04/2020; 5;389; 2;42;0,10796915;100000,0
Lecce; 46;09/04/2020; 6;395; 2;44;0,11139240;100000,0
Lecce; 47;10/04/2020; 8;403; 3;47;0,11662531;100000,0
Lecce; 48;11/04/2020;15;418; 0;47;0,11244019;100000,0
Lecce; 49;12/04/2020; 0;418; 0;47;0,11244019;100000,0
Lecce; 50;13/04/2020; 6;424; 1;48;0,11320755;100000,0
Lecce; 51;14/04/2020; 1;425; 0;48;0,11294118;100000,0
Lecce; 52;15/04/2020; 1;426; 1;49;0,11502347;100000,0
Lecce; 53;16/04/2020; 1;427; 0;49;0,11475410;100000,0
Lecce; 54;17/04/2020; 7;434; 1;50;0,11520737;100000,0
Lecce; 55;18/04/2020; 9;443; 2;52;0,11738149;100000,0
Lecce; 56;19/04/2020; 8;451; 0;52;0,11529934;100000,0
Lecce; 57;20/04/2020; 1;452; 1;53;0,11725664;100000,0
Lecce; 58;21/04/2020; 0;452; 2;55;0,12168142;100000,0
Lecce; 59;22/04/2020; 9;461; 2;57;0,12364425;100000,0
Lecce; 60;23/04/2020; 5;466; 0;57;0,12231760;100000,0
Lecce; 61;24/04/2020; 0;466; 1;58;0,12446352;100000,0
Lecce; 62;25/04/2020; 4;470; 0;58;0,12340426;100000,0
Lecce; 63;26/04/2020; 5;475; 0;58;0,12210526;100000,0
Lecce; 64;27/04/2020; 1;476; 0;58;0,12184874;100000,0
Lecce; 65;28/04/2020; 4;480; 0;58;0,12083333;100000,0
Lecce; 66;29/04/2020; 4;484; 0;58;0,11983471;100000,0
Lecce; 67;30/04/2020; 3;487; 2;60;0,12320328;100000,0
Lecce; 68;01/05/2020; 2;489; 0;60;0,12269939;100000,0
Lecce; 69;02/05/2020; 6;495; 0;60;0,12121212;100000,0
Lecce; 70;03/05/2020; 2;497; 2;62;0,12474849;100000,0
Lecce; 71;04/05/2020; 0;497; 0;62;0,12474849;100000,0
Lecce; 72;05/05/2020; 1;498; 0;62;0,12449799;100000,0
Lecce; 73;06/05/2020; 2;500; 2;64;0,12800000;100000,0
Lecce; 74;07/05/2020; 2;502; 0;64;0,12749004;100000,0
Lecce; 75;08/05/2020; 1;503; 0;64;0,12723658;100000,0
Lecce; 76;09/05/2020; 0;503; 0;64;0,12723658;100000,0
Lecce; 77;10/05/2020; 1;504; 0;64;0,12698413;100000,0
Lecce; 78;11/05/2020; 1;505; 1;65;0,12871287;100000,0
Lecce; 79;12/05/2020; 0;505; 0;65;0,12871287;100000,0
Lecce; 80;13/05/2020; 3;508; 0;65;0,12795276;100000,0
Lecce; 81;14/05/2020; 0;508; 0;65;0,12795276;100000,0
Lecce; 82;15/05/2020;-1;507; 0;65;0,12820513;100000,0
Lecce; 83;16/05/2020; 1;508; 1;66;0,12992126;100000,0
Lecce; 84;17/05/2020; 0;508; 0;66;0,12992126;100000,0
Lecce; 85;18/05/2020; 0;508; 0;66;0,12992126;100000,0
Lecce; 86;19/05/2020; 1;509; 0;66;0,12966601;100000,0
Lecce; 87;20/05/2020; 0;509; 2;68;0,13359529;100000,0
Lecce; 88;21/05/2020; 0;509; 0;68;0,13359529;100000,0
Lecce; 89;22/05/2020; 2;511; 0;68;0,13307241;100000,0
Lecce; 90;23/05/2020; 0;511; 1;69;0,13502935;100000,0
Lecce; 91;24/05/2020; 0;511; 0;69;0,13502935;100000,0
Lecce; 92;25/05/2020; 0;511; 0;69;0,13502935;100000,0
Lecce; 93;26/05/2020; 0;511; 1;70;0,13698630;100000,0
Lecce; 94;27/05/2020; 0;511; 0;70;0,14698630;100000,0
Lecce; 95;28/05/2020; 2;513; 0;70;0,13645224;100000,0
Lecce; 96;29/05/2020; 2;515; 0;70;0,13592233;100000,0
Lecce; 97;30/05/2020; 0;515; 0;70;0,13592233;100000,0
Lecce; 98;31/05/2020; 0;515; 0;70;0,13590000;100000,0
Lecce; 99;01/06/2020; 0;515; 1;71;0,13786408;100000,0
Lecce;100;02/06/2020; 0;515; 0;71;0,13980582;100000,0
Lecce;101;03/06/2020; 0;515; 0;71;0,13786408;100000,0
Lecce;102;04/06/2020; 2;517; 0;71;0,13733075;100000,0
Lecce;103;05/06/2020; 2;519; 1;72;0,13872832;100000,0
Lecce;104;06/06/2020; 0;519; 0;72;0,13872832;100000,0
Lecce;105;07/06/2020; 0;519; 2;74;0,14258189;100000,0
Lecce;106;08/06/2020; 0;519; 0;74;0,14258189;100000,0
Lecce;107;09/06/2020; 0;519; 0;74;0,14258189;100000,0
Lecce;108;10/06/2020; 0;519; 0;74;0,14258189;100000,0
Lecce;109;11/06/2020; 0;519; 0;74;0,14258189;100000,0
Lecce;110;12/06/2020; 0;519; 0;74;0,14258189;100000,0
Lecce;111;13/06/2020; 0;519; 0;74;0,14258189;100000,0
Lecce;112;14/06/2020; 0;519; 0;74;0,14258189;100000,0
Lecce;113;15/06/2020; 1;520; 0;74;0,14230769;100000,0
Lecce;114;16/06/2020; 0;520; 0;74;0,14230769;100000,0
Lecce;115;17/06/2020; 0;520; 0;74;0,14230769;100000,0
Lecce;116;18/06/2020; 0;520; 0;74;0,14230769;100000,0
Lecce;117;19/06/2020; 0;520; 0;74;0,14230769;100000,0
Lecce;118;20/06/2020; 0;520; 0;74;0,14230769;100000,0
Lecce;119;21/06/2020; 0;520; 0;74;0,14230769;100000,0
Lecce;120;22/06/2020; 0;520; 0;74;0,14230769;100000,0
Lecce;121;23/06/2020; 0;520; 0;74;0,14230769;100000,0
Lecce;122;24/06/2020; 0;520; 0;74;0,14230769;100000,0
Lecce;123;25/06/2020; 0;520; 0;74;0,14230769;100000,0
Lecce;124;26/06/2020; 1;521; 0;74;0,14203455;100000,0
Lecce;125;27/06/2020; 0;521; 0;74;0,14203455;100000,0
Lecce;126;28/06/2020; 0;521; 0;74;0,14203455;100000,0
Lecce;127;29/06/2020; 0;521; 0;74;0,14203455;100000,0
Lecce;128;30/06/2020; 0;521; 0;74;0,14203455;100000,0
Lecce;129;01/07/2020; 0;521; 0;74;0,14203455;100000,0
Lecce;130;02/07/2020; 0;521; 0;74;0,14203455;100000,0
Lecce;131;03/07/2020; 0;521; 0;74;0,14203455;100000,0
Lecce;132;04/07/2020; 1;522; 0;74;0,14176245;100000,0
Lecce;133;05/07/2020; 0;522; 0;74;0,14176245;100000,0
Lecce;134;06/07/2020; 0;522; 0;74;0,14176245;100000,0
Lecce;135;07/07/2020; 0;522; 0;74;0,14176245;100000,0
Lecce;136;08/07/2020; 0;522; 0;74;0,14176245;100000,0
Lecce;137;09/07/2020; 0;522; 0;74;0,14176245;100000,0
Lecce;138;10/07/2020; 3;525; 0;74;0,14095238;100000,0
Lecce;139;11/07/2020; 0;525; 0;74;0,14095238;100000,0
Lecce;140;12/07/2020; 0;525; 0;74;0,14095238;100000,0
Lecce;141;13/07/2020; 0;525; 0;74;0,14095238;100000,0
Lecce;142;14/07/2020; 0;525; 0;74;0,14095238;100000,0
Lecce;143;15/07/2020; 0;525; 0;74;0,14095238;100000,0
Lecce;144;16/07/2020; 0;525; 1;75;0,14285714;100000,0
Lecce;145;17/07/2020; 0;525; 0;75;0,14285714;100000,0
Lecce;146;18/07/2020; 0;525; 0;75;0,14285714;100000,0
Lecce;147;19/07/2020; 2;527; 0;75;0,14231499;100000,0
Lecce;148;20/07/2020; 0;527; 0;75;0,14231499;100000,0
Lecce;149;21/07/2020; 0;527; 0;75;0,14231499;100000,0
Lecce;150;22/07/2020; 0;527; 0;75;0,14231499;100000,0
Lecce;151;23/07/2020; 3;530; 0;75;0,14150943;100000,0
Lecce;152;24/07/2020; 7;537; 0;75;0,13966480;100000,0
Lecce;153;25/07/2020; 3;540; 0;75;0,13888889;100000,0
Lecce;154;26/07/2020; 3;543; 0;75;0,13812155;100000,0
Lecce;155;27/07/2020; 2;545; 0;75;0,13761468;100000,0
Lecce;156;28/07/2020; 2;547; 0;75;0,13711152;100000,0
Lecce;157;29/07/2020; 7;554; 0;75;0,13537906;100000,0
Lecce;158;30/07/2020; 3;557; 0;75;0,13464991;100000,0
Lecce;159;31/07/2020; 0;557; 0;75;0,13464991;100000,0
Lecce;160;01/08/2020; 4;561; 0;75;0,13368984;100000,0
Lecce;161;02/08/2020; 1;562; 0;75;0,13345196;100000,0
Lecce;162;03/08/2020; 5;567; 0;75;0,13227513;100000,0
Lecce;163;04/08/2020; 0;567; 0;75;0,13227513;100000,0
Lecce;164;05/08/2020; 8;575; 0;75;0,13043478;100000,0
Lecce;165;06/08/2020; 2;577; 0;75;0,12998267;100000,0
Lecce;166;07/08/2020; 3;580; 0;75;0,12931034;100000,0
Lecce;167;08/08/2020; 4;584; 0;76;0,13013699;100000,0
Lecce;168;09/08/2020; 1;585; 0;76;0,13013699;100000,0
Lecce;169;10/08/2020; 6;591; 0;76;0,13013699;100000,0
Lecce;170;11/08/2020; 6;597; 0;76;0,13013699;100000,0
Lecce;171;12/08/2020; 0;597; 0;76;0,13013699;100000,0
Lecce;172;13/08/2020; 1;598; 0;76;0,13013699;100000,0
Lecce;173;14/08/2020; 8;606; 0;76;0,13013699;100000,0
Lecce;174;15/08/2020; 0;606; 0;76;0,13013699;100000,0
Lecce;175;16/08/2020; 4;610; 0;76;0,13013699;100000,0
Lecce;176;17/08/2020; 0;610; 1;77;0,12459016;100000,0
Lecce;177;18/08/2020; 9;619; 0;77;0,11987382;100000,0
Lecce;178;19/08/2020;15;634; 0;77;0,11987382;100000,0
Lecce;179;20/08/2020; 3;637; 0;77;0,11930926;100000,0
Lecce;180;21/08/2020; 5;642; 0;77;0,11838006;100000,0
Lecce;181;22/08/2020; 1;643; 0;77;0,11819596;100000,0
Lecce;182;23/08/2020; 4;647; 0;77;0,11746522;100000,0
Lecce;183;24/08/2020; 2;649; 0;77;0,11710324;100000,0
Lecce;184;25/08/2020;12;661; 0;77;0,11649017;100000,0
Lecce;185;26/08/2020; 1;662; 0;77;0,11631420;100000,0
Lecce;186;27/08/2020; 2;664; 0;77;0,11596386;100000,0
Lecce;187;28/08/2020; 3;667; 0;77;0,11544228;100000,0
Lecce;188;29/08/2020; 1;668; 0;77;0,11526946;100000,0
Lecce;189;30/08/2020; 1;669; 0;77;0,11509716;100000,0
Lecce;190;31/08/2020; 1;670; 0;77;0,11492537;100000,0
Lecce;191;01/09/2020; 2;672; 0;77;0,11458333;100000,0
Lecce;192;02/09/2020; 3;675; 0;77;0,11407407;100000,0
Lecce;193;03/09/2020; 1;676; 3;80;0,11390533;100000,0
Lecce;194;04/09/2020; 8;684; 0;80;0,11257310;100000,0
Lecce;195;05/09/2020; 2;686; 0;80;0,11224490;100000,0
Lecce;196;06/09/2020;14;700; 0;80;0,11000000;100000,0
Lecce;197;07/09/2020; 1;701; 0;80;0,11412268;100142,9
Lecce;198;08/09/2020; 3;704; 0;80;0,11363636;100571,4
Lecce;199;09/09/2020; 5;709; 0;80;0,11283498;101285,7
Lecce;200;10/09/2020; 1;710; 0;80;0,11267606;101428,5
Lecce;201;11/09/2020; 2;712; 0;80;0,11235955;101714,3
Lecce;202;12/09/2020; 4;716; 0;80;0,11173184;102285,7
Lecce;203;13/09/2020; 6;722; 0;80;0,11080332;103142,8
