Province,Day,Date,New_cases,Curr_pos_cases,Deaths,Tot_deaths,Lethality_rate,Cumul_rates
Fermo,1,24/02/2020,0,0,0,0,0.0,0.0
Fermo,2,25/02/2020,0,0,0,0,0.0,0.0
Fermo,3,26/02/2020,0,0,0,0,0.0,0.0
Fermo,4,27/02/2020,0,0,0,0,0.0,0.0
Fermo,5,28/02/2020,0,0,0,0,0.0,0.0
Fermo,6,29/02/2020,0,0,0,0,0.0,0.0
Fermo,7,01/03/2020,0,0,0,0,0.0,0.0
Fermo,8,02/03/2020,0,0,0,0,0.0,0.0
Fermo,9,03/03/2020,0,0,0,0,0.0,0.0
Fermo,10,04/03/2020,1,1,0,0,0.0,0.5753739929999999
Fermo,11,05/03/2020,2,3,0,0,0.0,1.726121979
Fermo,12,06/03/2020,0,3,0,0,0.0,1.726121979
Fermo,13,07/03/2020,0,3,0,0,0.0,1.726121979
Fermo,14,08/03/2020,2,5,0,0,0.0,2.876869965
Fermo,15,09/03/2020,0,5,0,0,0.0,2.876869965
Fermo,16,10/03/2020,1,6,0,0,0.0,3.452243959
Fermo,17,11/03/2020,2,8,1,1,0.125,4.602991945
Fermo,18,12/03/2020,3,11,0,1,0.090909091,6.329113924
Fermo,19,13/03/2020,5,16,0,1,0.0625,9.20598389
Fermo,20,14/03/2020,6,22,0,1,0.045454545,12.65822785
Fermo,21,15/03/2020,14,36,0,1,0.027777778,20.71346375
Fermo,22,16/03/2020,0,36,1,2,0.055555556,20.71346375
Fermo,23,17/03/2020,0,36,1,3,0.083333333,20.71346375
Fermo,24,18/03/2020,10,46,0,3,0.065217391,26.46720368
Fermo,25,19/03/2020,22,68,1,4,0.05882352900000001,39.12543153
Fermo,26,20/03/2020,12,80,0,4,0.05,46.02991945
Fermo,27,21/03/2020,2,82,0,4,0.048780488,47.18066743
Fermo,28,22/03/2020,31,113,0,4,0.03539823,65.01726122
Fermo,29,23/03/2020,20,133,1,5,0.037593985,76.52474108
Fermo,30,24/03/2020,6,139,0,5,0.035971223,79.97698504
Fermo,31,25/03/2020,21,160,0,5,0.03125,92.0598389
Fermo,32,26/03/2020,44,204,0,5,0.024509804,117.3762946
Fermo,33,27/03/2020,29,233,0,5,0.021459227,134.0621404
Fermo,34,28/03/2020,8,241,0,5,0.020746888,138.6651323
Fermo,35,29/03/2020,5,246,0,5,0.020325203,141.5420023
Fermo,36,30/03/2020,0,246,6,11,0.044715447,141.5420023
Fermo,37,31/03/2020,13,259,3,14,0.054054054,149.0218642
Fermo,38,01/04/2020,4,263,0,14,0.053231939000000006,151.3233602
Fermo,39,02/04/2020,21,284,0,14,0.049295775,163.40621399999995
Fermo,40,03/04/2020,14,298,2,16,0.053691275,171.46144990000005
Fermo,41,04/04/2020,7,305,3,19,0.062295082,175.4890679
Fermo,42,05/04/2020,3,308,0,19,0.061688312,177.21518989999996
Fermo,43,06/04/2020,4,312,1,20,0.064102564,179.5166858
Fermo,44,07/04/2020,2,314,0,20,0.063694268,180.66743380000003
Fermo,45,08/04/2020,20,334,0,20,0.05988024,192.1749137
Fermo,46,09/04/2020,5,339,1,21,0.061946903,195.0517837
Fermo,47,10/04/2020,4,343,0,21,0.06122449,197.3532796
Fermo,48,11/04/2020,11,354,2,23,0.064971751,203.6823936
Fermo,49,12/04/2020,7,361,1,24,0.066481994,207.7100115
Fermo,50,13/04/2020,2,363,1,25,0.068870523,208.8607595
Fermo,51,14/04/2020,0,363,1,26,0.07162534400000001,208.8607595
Fermo,52,15/04/2020,4,367,1,27,0.073569482,211.1622555
Fermo,53,16/04/2020,11,378,1,28,0.074074074,217.4913694
Fermo,54,17/04/2020,1,379,2,30,0.079155673,218.0667434
Fermo,55,18/04/2020,2,381,0,30,0.078740157,219.2174914
Fermo,56,19/04/2020,3,384,0,30,0.078125,220.9436133
Fermo,57,20/04/2020,7,391,1,31,0.079283887,224.9712313
Fermo,58,21/04/2020,4,395,1,32,0.081012658,227.2727273
Fermo,59,22/04/2020,4,399,0,32,0.080200501,229.5742232
Fermo,60,23/04/2020,3,402,0,32,0.07960199,231.3003452
Fermo,61,24/04/2020,10,412,1,33,0.080097087,237.0540852
Fermo,62,25/04/2020,4,416,0,33,0.079326923,239.3555811
Fermo,63,26/04/2020,7,423,0,33,0.078014184,243.3831991
Fermo,64,27/04/2020,0,423,0,33,0.078014184,243.3831991
Fermo,65,28/04/2020,4,427,0,33,0.077283372,245.6846951
Fermo,66,29/04/2020,4,431,1,34,0.078886311,247.986191
Fermo,67,30/04/2020,4,435,0,34,0.07816092,250.287687
Fermo,68,01/05/2020,3,438,1,35,0.079908676,252.013809
Fermo,69,02/05/2020,11,449,1,36,0.080178174,258.3429229
Fermo,70,03/05/2020,1,450,0,36,0.08,258.91829690000003
Fermo,71,04/05/2020,1,451,2,38,0.084257206,259.49367090000004
Fermo,72,05/05/2020,2,453,0,38,0.08388521,260.6444189
Fermo,73,06/05/2020,1,454,0,38,0.083700441,261.2197929
Fermo,74,07/05/2020,0,454,0,38,0.083700441,261.2197929
Fermo,75,08/05/2020,0,454,0,38,0.083700441,261.2197929
Fermo,76,09/05/2020,1,455,0,38,0.083516484,261.7951669
Fermo,77,10/05/2020,0,455,0,38,0.083516484,261.7951669
Fermo,78,11/05/2020,0,455,0,38,0.083516484,261.7951669
Fermo,79,12/05/2020,0,455,1,39,0.085714286,261.7951669
Fermo,80,13/05/2020,0,455,0,39,0.085714286,261.7951669
Fermo,81,14/05/2020,0,455,0,39,0.085714286,261.7951669
Fermo,82,15/05/2020,0,455,0,39,0.085714286,261.7951669
Fermo,83,16/05/2020,0,455,0,39,0.085714286,261.7951669
Fermo,84,17/05/2020,3,458,0,39,0.08515283800000001,263.52128880000004
Fermo,85,18/05/2020,0,458,0,39,0.08515283800000001,263.52128880000004
Fermo,86,19/05/2020,0,458,1,40,0.087336245,263.52128880000004
Fermo,87,20/05/2020,0,458,0,40,0.087336245,263.52128880000004
Fermo,88,21/05/2020,6,464,0,40,0.08620689699999999,266.97353280000004
Fermo,89,22/05/2020,0,464,0,40,0.08620689699999999,266.97353280000004
Fermo,90,23/05/2020,1,465,0,40,0.086021505,267.5489068
Fermo,91,24/05/2020,3,468,0,40,0.085470085,269.27502880000003
Fermo,92,25/05/2020,1,469,0,40,0.085287846,269.8504028
Fermo,93,26/05/2020,0,469,0,40,0.085287846,269.8504028
Fermo,94,27/05/2020,0,469,0,40,0.085287846,269.8504028
Fermo,95,28/05/2020,0,469,0,40,0.085287846,269.8504028
Fermo,96,29/05/2020,0,469,0,40,0.085287846,269.8504028
Fermo,97,30/05/2020,0,469,0,40,0.085287846,269.8504028
Fermo,98,31/05/2020,0,469,0,40,0.085287846,269.8504028
Fermo,99,01/06/2020,0,469,0,40,0.085287846,269.8504028
Fermo,100,02/06/2020,0,469,0,40,0.085287846,269.8504028
Fermo,101,03/06/2020,1,470,0,40,0.08510638300000001,270.4257768
Fermo,102,04/06/2020,0,470,0,40,0.08510638300000001,270.4257768
Fermo,103,05/06/2020,0,470,0,40,0.08510638300000001,270.4257768
Fermo,104,06/06/2020,0,470,0,40,0.08510638300000001,270.4257768
Fermo,105,07/06/2020,0,470,0,40,0.08510638300000001,270.4257768
Fermo,106,08/06/2020,0,470,0,40,0.08510638300000001,270.4257768
Fermo,107,09/06/2020,0,470,0,40,0.08510638300000001,270.4257768
Fermo,108,10/06/2020,0,470,0,40,0.08510638300000001,270.4257768
Fermo,109,11/06/2020,0,470,0,40,0.08510638300000001,270.4257768
Fermo,110,12/06/2020,0,470,0,40,0.08510638300000001,270.4257768
Fermo,111,13/06/2020,0,470,0,40,0.08510638300000001,270.4257768
Fermo,112,14/06/2020,1,471,0,40,0.08492569,271.0011507
Fermo,113,15/06/2020,0,471,0,40,0.08492569,271.0011507
Fermo,114,16/06/2020,0,471,0,40,0.08492569,271.0011507
Fermo,115,17/06/2020,0,471,0,40,0.08492569,271.0011507
Fermo,116,18/06/2020,0,471,0,40,0.08492569,271.0011507
Fermo,117,19/06/2020,0,471,0,40,0.08492569,271.0011507
Fermo,118,20/06/2020,0,471,0,40,0.08492569,271.0011507
Fermo,119,21/06/2020,0,471,0,40,0.08492569,271.0011507
Fermo,120,22/06/2020,0,471,0,40,0.08492569,271.0011507
Fermo,121,23/06/2020,0,471,0,40,0.08492569,271.0011507
Fermo,122,24/06/2020,0,471,0,40,0.08492569,271.0011507
Fermo,123,25/06/2020,0,471,0,40,0.08492569,271.0011507
Fermo,124,26/06/2020,0,471,0,40,0.08492569,271.0011507
Fermo,125,27/06/2020,2,473,0,40,0.084566596,272.15189869999995
Fermo,126,28/06/2020,0,473,0,40,0.084566596,272.15189869999995
Fermo,127,29/06/2020,0,473,0,40,0.084566596,272.15189869999995
Fermo,128,30/06/2020,0,473,0,40,0.084566596,272.15189869999995
Fermo,129,01/07/2020,0,473,0,40,0.084566596,272.15189869999995
Fermo,130,02/07/2020,0,473,0,40,0.084566596,272.15189869999995
Fermo,131,03/07/2020,0,473,0,40,0.084566596,272.15189869999995
Fermo,132,04/07/2020,0,473,0,40,0.084566596,272.15189869999995
Fermo,133,05/07/2020,0,473,0,40,0.084566596,272.15189869999995
Fermo,134,06/07/2020,0,473,0,40,0.084566596,272.15189869999995
Fermo,135,07/07/2020,0,473,0,40,0.084566596,272.15189869999995
Fermo,136,08/07/2020,0,473,0,40,0.084566596,272.15189869999995
Fermo,137,09/07/2020,0,473,0,40,0.084566596,272.15189869999995
Fermo,138,10/07/2020,0,473,0,40,0.084566596,272.15189869999995
Fermo,139,11/07/2020,0,473,0,40,0.084566596,272.15189869999995
Fermo,140,12/07/2020,0,473,0,40,0.084566596,272.15189869999995
Fermo,141,13/07/2020,0,473,0,40,0.084566596,272.15189869999995
Fermo,142,14/07/2020,0,473,0,40,0.084566596,272.15189869999995
Fermo,143,15/07/2020,0,473,0,40,0.084566596,272.15189869999995
Fermo,144,16/07/2020,0,473,0,40,0.084566596,272.15189869999995
Fermo,145,17/07/2020,1,474,0,40,0.08438818599999999,272.7272727
Fermo,146,18/07/2020,1,475,0,40,0.084210526,273.3026467
Fermo,147,19/07/2020,-1,474,0,40,0.08438818599999999,272.7272727
Fermo,148,20/07/2020,0,474,0,40,0.08438818599999999,272.7272727
Fermo,149,21/07/2020,0,474,0,40,0.08438818599999999,272.7272727
Fermo,150,22/07/2020,0,474,0,40,0.08438818599999999,272.7272727
Fermo,151,23/07/2020,1,475,0,40,0.084210526,273.3026467
Fermo,152,24/07/2020,0,475,0,40,0.084210526,273.3026467
Fermo,153,25/07/2020,0,475,0,40,0.084210526,273.3026467
Fermo,154,26/07/2020,0,475,0,40,0.084210526,273.3026467
Fermo,155,27/07/2020,0,475,0,40,0.084210526,273.3026467
Fermo,156,28/07/2020,1,476,0,40,0.08403361300000001,273.8780207
Fermo,157,29/07/2020,0,476,0,40,0.08403361300000001,273.8780207
Fermo,158,30/07/2020,0,476,0,40,0.08403361300000001,273.8780207
Fermo,159,31/07/2020,0,476,0,40,0.08403361300000001,273.8780207
Fermo,160,01/08/2020,0,476,0,40,0.08403361300000001,273.8780207
Fermo,161,02/08/2020,2,478,0,40,0.083682008,275.0287687
Fermo,162,03/08/2020,0,478,0,40,0.083682008,275.0287687
Fermo,163,04/08/2020,0,478,0,40,0.083682008,275.0287687
Fermo,164,05/08/2020,1,479,0,40,0.083507307,275.60414269999995
Fermo,165,06/08/2020,0,479,0,40,0.083507307,275.60414269999995
Fermo,166,07/08/2020,0,479,0,40,0.083507307,275.60414269999995
Fermo,167,08/08/2020,0,479,0,40,0.083507307,275.60414269999995
Fermo,168,09/08/2020,1,480,0,40,0.083507307,275.60414269999995
Fermo,169,10/08/2020,0,480,0,40,0.083507307,275.60414269999995
Fermo,170,11/08/2020,0,480,0,40,0.083507307,275.60414269999995
Fermo,171,12/08/2020,0,480,0,40,0.083507307,275.60414269999995
Fermo,172,13/08/2020,0,480,0,40,0.083507307,275.60414269999995
Fermo,173,14/08/2020,0,480,0,40,0.083507307,275.60414269999995
Fermo,174,15/08/2020,0,480,0,40,0.083507307,275.60414269999995
Fermo,175,16/08/2020,1,481,0,40,0.083507307,275.60414269999995
Fermo,176,17/08/2020,1,482,0,40,0.08298755186721991,277.33026467203683
Fermo,177,18/08/2020,0,482,0,40,0.08298755186721991,277.33026467203683
Fermo,178,19/08/2020,0,482,0,40,0.08298755186721991,277.33026467203683
Fermo,179,20/08/2020,2,484,0,40,0.08264462809917356,278.4810126582278
Fermo,180,21/08/2020,0,484,0,40,0.08264462809917356,278.4810126582278
Fermo,181,22/08/2020,1,485,0,40,0.08247422680412371,279.0563866513234
