Province,Day,Date,New_cases,Curr_pos_cases,Deaths,Tot_deaths,Lethality_rate,Cumul_rates
Fermo,1,24/02/2020,0,0,0,0,0.0,100000.0
Fermo,2,25/02/2020,0,0,0,0,0.0,100000.0
Fermo,3,26/02/2020,0,0,0,0,0.0,100000.0
Fermo,4,27/02/2020,0,0,0,0,0.0,100000.0
Fermo,5,28/02/2020,0,0,0,0,0.0,100000.0
Fermo,6,29/02/2020,0,0,0,0,0.0,100000.0
Fermo,7,01/03/2020,0,0,0,0,0.0,100000.0
Fermo,8,02/03/2020,0,0,0,0,0.0,100000.0
Fermo,9,03/03/2020,0,0,0,0,0.0,100000.0
Fermo,10,04/03/2020,1,1,0,0,0.0,100000.0
Fermo,11,05/03/2020,2,3,0,0,0.0,100000.0
Fermo,12,06/03/2020,0,3,0,0,0.0,100000.0
Fermo,13,07/03/2020,0,3,0,0,0.0,100000.0
Fermo,14,08/03/2020,2,5,0,0,0.0,100000.0
Fermo,15,09/03/2020,0,5,0,0,0.0,100000.0
Fermo,16,10/03/2020,1,6,0,0,0.0,100000.0
Fermo,17,11/03/2020,2,8,1,1,0.125,100000.0
Fermo,18,12/03/2020,3,11,0,1,0.091,100000.0
Fermo,19,13/03/2020,5,16,0,1,0.062,100000.0
Fermo,20,14/03/2020,6,22,0,1,0.045,100000.0
Fermo,21,15/03/2020,14,36,0,1,0.027999999999999997,100000.0
Fermo,22,16/03/2020,0,36,1,2,0.055999999999999994,100000.0
Fermo,23,17/03/2020,0,36,1,3,0.083,100000.0
Fermo,24,18/03/2020,10,46,0,3,0.065,100000.0
Fermo,25,19/03/2020,22,68,1,4,0.059000000000000004,100000.0
Fermo,26,20/03/2020,12,80,0,4,0.05,100000.0
Fermo,27,21/03/2020,2,82,0,4,0.049,100000.0
Fermo,28,22/03/2020,31,113,0,4,0.035,100000.0
Fermo,29,23/03/2020,20,133,1,5,0.038,100000.0
Fermo,30,24/03/2020,6,139,0,5,0.036000000000000004,100000.0
Fermo,31,25/03/2020,21,160,0,5,0.031,100000.0
Fermo,32,26/03/2020,44,204,0,5,0.025,100000.0
Fermo,33,27/03/2020,29,233,0,5,0.021,100000.0
Fermo,34,28/03/2020,8,241,0,5,0.021,100000.0
Fermo,35,29/03/2020,5,246,0,5,0.02,100000.0
Fermo,36,30/03/2020,0,246,6,11,0.045,100000.0
Fermo,37,31/03/2020,13,259,3,14,0.054000000000000006,100000.0
Fermo,38,01/04/2020,4,263,0,14,0.053,100000.0
Fermo,39,02/04/2020,21,284,0,14,0.049,100000.0
Fermo,40,03/04/2020,14,298,2,16,0.054000000000000006,100000.0
Fermo,41,04/04/2020,7,305,3,19,0.062,100000.0
Fermo,42,05/04/2020,3,308,0,19,0.062,100000.0
Fermo,43,06/04/2020,4,312,1,20,0.064,100000.0
Fermo,44,07/04/2020,2,314,0,20,0.064,100000.0
Fermo,45,08/04/2020,20,334,0,20,0.06,100000.0
Fermo,46,09/04/2020,5,339,1,21,0.062,100000.0
Fermo,47,10/04/2020,4,343,0,21,0.061,100000.0
Fermo,48,11/04/2020,11,354,2,23,0.065,100000.0
Fermo,49,12/04/2020,7,361,1,24,0.066,100000.0
Fermo,50,13/04/2020,2,363,1,25,0.069,100000.0
Fermo,51,14/04/2020,0,363,1,26,0.07200000000000001,100000.0
Fermo,52,15/04/2020,4,367,1,27,0.07400000000000001,100000.0
Fermo,53,16/04/2020,11,378,1,28,0.07400000000000001,100000.0
Fermo,54,17/04/2020,1,379,2,30,0.079,100000.0
Fermo,55,18/04/2020,2,381,0,30,0.079,100000.0
Fermo,56,19/04/2020,3,384,0,30,0.078,100000.0
Fermo,57,20/04/2020,7,391,1,31,0.079,100000.0
Fermo,58,21/04/2020,4,395,1,32,0.081,100000.0
Fermo,59,22/04/2020,4,399,0,32,0.08,100000.0
Fermo,60,23/04/2020,3,402,0,32,0.08,100000.0
Fermo,61,24/04/2020,10,412,1,33,0.08,100000.0
Fermo,62,25/04/2020,4,416,0,33,0.079,100000.0
Fermo,63,26/04/2020,7,423,0,33,0.078,100000.0
Fermo,64,27/04/2020,0,423,0,33,0.078,100000.0
Fermo,65,28/04/2020,4,427,0,33,0.077,100000.0
Fermo,66,29/04/2020,4,431,1,34,0.079,100000.0
Fermo,67,30/04/2020,4,435,0,34,0.078,100000.0
Fermo,68,01/05/2020,3,438,1,35,0.08,100000.0
Fermo,69,02/05/2020,11,449,1,36,0.08,100000.0
Fermo,70,03/05/2020,1,450,0,36,0.08,100000.0
Fermo,71,04/05/2020,1,451,2,38,0.084,100000.0
Fermo,72,05/05/2020,2,453,0,38,0.084,100000.0
Fermo,73,06/05/2020,1,454,0,38,0.084,100000.0
Fermo,74,07/05/2020,0,454,0,38,0.084,100000.0
Fermo,75,08/05/2020,0,454,0,38,0.084,100000.0
Fermo,76,09/05/2020,1,455,0,38,0.084,100000.0
Fermo,77,10/05/2020,0,455,0,38,0.084,100000.0
Fermo,78,11/05/2020,0,455,0,38,0.084,100000.0
Fermo,79,12/05/2020,0,455,1,39,0.086,100000.0
Fermo,80,13/05/2020,0,455,0,39,0.086,100000.0
Fermo,81,14/05/2020,0,455,0,39,0.086,100000.0
Fermo,82,15/05/2020,0,455,0,39,0.086,100000.0
Fermo,83,16/05/2020,0,455,0,39,0.086,100000.0
Fermo,84,17/05/2020,3,458,0,39,0.085,100000.0
Fermo,85,18/05/2020,0,458,0,39,0.085,100000.0
Fermo,86,19/05/2020,0,458,1,40,0.087,100000.0
Fermo,87,20/05/2020,0,458,0,40,0.087,100000.0
Fermo,88,21/05/2020,6,464,0,40,0.086,100000.0
Fermo,89,22/05/2020,0,464,0,40,0.086,100000.0
Fermo,90,23/05/2020,1,465,0,40,0.086,100000.0
Fermo,91,24/05/2020,3,468,0,40,0.085,100000.0
Fermo,92,25/05/2020,1,469,0,40,0.085,100000.0
Fermo,93,26/05/2020,0,469,0,40,0.085,100000.0
Fermo,94,27/05/2020,0,469,0,40,0.085,100000.0
Fermo,95,28/05/2020,0,469,0,40,0.085,100000.0
Fermo,96,29/05/2020,0,469,0,40,0.085,100000.0
Fermo,97,30/05/2020,0,469,0,40,0.085,100000.0
Fermo,98,31/05/2020,0,469,0,40,0.085,100000.0
Fermo,99,01/06/2020,0,469,0,40,0.085,100000.0
Fermo,100,02/06/2020,0,469,0,40,0.085,100000.0
Fermo,101,03/06/2020,1,470,0,40,0.085,100000.0
Fermo,102,04/06/2020,0,470,0,40,0.085,100000.0
Fermo,103,05/06/2020,0,470,0,40,0.085,100000.0
Fermo,104,06/06/2020,0,470,0,40,0.085,100000.0
Fermo,105,07/06/2020,0,470,0,40,0.085,100000.0
Fermo,106,08/06/2020,0,470,0,40,0.085,100000.0
Fermo,107,09/06/2020,0,470,0,40,0.085,100000.0
Fermo,108,10/06/2020,0,470,0,40,0.085,100000.0
Fermo,109,11/06/2020,0,470,0,40,0.085,100000.0
Fermo,110,12/06/2020,0,470,0,40,0.085,100000.0
Fermo,111,13/06/2020,0,470,0,40,0.085,100000.0
Fermo,112,14/06/2020,1,471,0,40,0.085,100000.0
Fermo,113,15/06/2020,0,471,0,40,0.085,100000.0
Fermo,114,16/06/2020,0,471,0,40,0.085,100000.0
Fermo,115,17/06/2020,0,471,0,40,0.085,100000.0
Fermo,116,18/06/2020,0,471,0,40,0.085,100000.0
Fermo,117,19/06/2020,0,471,0,40,0.085,100000.0
Fermo,118,20/06/2020,0,471,0,40,0.085,100000.0
Fermo,119,21/06/2020,0,471,0,40,0.085,100000.0
Fermo,120,22/06/2020,0,471,0,40,0.085,100000.0
Fermo,121,23/06/2020,0,471,0,40,0.085,100000.0
Fermo,122,24/06/2020,0,471,0,40,0.085,100000.0
Fermo,123,25/06/2020,0,471,0,40,0.085,100000.0
Fermo,124,26/06/2020,0,471,0,40,0.085,100000.0
Fermo,125,27/06/2020,2,473,0,40,0.085,100000.0
Fermo,126,28/06/2020,0,473,0,40,0.085,100000.0
Fermo,127,29/06/2020,0,473,0,40,0.085,100000.0
Fermo,128,30/06/2020,0,473,0,40,0.085,100000.0
Fermo,129,01/07/2020,0,473,0,40,0.085,100000.0
Fermo,130,02/07/2020,0,473,0,40,0.085,100000.0
Fermo,131,03/07/2020,0,473,0,40,0.085,100000.0
Fermo,132,04/07/2020,0,473,0,40,0.085,100000.0
Fermo,133,05/07/2020,0,473,0,40,0.085,100000.0
Fermo,134,06/07/2020,0,473,0,40,0.085,100000.0
Fermo,135,07/07/2020,0,473,0,40,0.085,100000.0
Fermo,136,08/07/2020,0,473,0,40,0.085,100000.0
Fermo,137,09/07/2020,0,473,0,40,0.085,100000.0
Fermo,138,10/07/2020,0,473,0,40,0.085,100000.0
Fermo,139,11/07/2020,0,473,0,40,0.085,100000.0
Fermo,140,12/07/2020,0,473,0,40,0.085,100000.0
Fermo,141,13/07/2020,0,473,0,40,0.085,100000.0
Fermo,142,14/07/2020,0,473,0,40,0.085,100000.0
Fermo,143,15/07/2020,0,473,0,40,0.085,100000.0
Fermo,144,16/07/2020,0,473,0,40,0.085,100000.0
Fermo,145,17/07/2020,1,474,0,40,0.084,100000.0
Fermo,146,18/07/2020,1,475,0,40,0.084,100000.0
Fermo,147,19/07/2020,-1,474,0,40,0.084,100000.0
Fermo,148,20/07/2020,0,474,0,40,0.084,100000.0
Fermo,149,21/07/2020,0,474,0,40,0.084,100000.0
Fermo,150,22/07/2020,0,474,0,40,0.084,100000.0
Fermo,151,23/07/2020,1,475,0,40,0.084,100000.0
Fermo,152,24/07/2020,0,475,0,40,0.084,100000.0
Fermo,153,25/07/2020,0,475,0,40,0.084,100000.0
Fermo,154,26/07/2020,0,475,0,40,0.084,100000.0
Fermo,155,27/07/2020,0,475,0,40,0.084,100000.0
Fermo,156,28/07/2020,1,476,0,40,0.084,100000.0
Fermo,157,29/07/2020,0,476,0,40,0.084,100000.0
Fermo,158,30/07/2020,0,476,0,40,0.084,100000.0
Fermo,159,31/07/2020,0,476,0,40,0.084,100000.0
Fermo,160,01/08/2020,0,476,0,40,0.084,100000.0
Fermo,161,02/08/2020,2,478,0,40,0.084,100000.0
Fermo,162,03/08/2020,0,478,0,40,0.084,100000.0
Fermo,163,04/08/2020,0,478,0,40,0.084,100000.0
Fermo,164,05/08/2020,1,479,0,40,0.084,100000.0
Fermo,165,06/08/2020,0,479,0,40,0.084,100000.0
Fermo,166,07/08/2020,0,479,0,40,0.084,100000.0
Fermo,167,08/08/2020,0,479,0,40,0.084,100000.0
Fermo,168,09/08/2020,1,480,0,40,0.083,100000.0
Fermo,169,10/08/2020,0,480,0,40,0.083,100000.0
Fermo,170,11/08/2020,0,480,0,40,0.083,100000.0
Fermo,171,12/08/2020,0,480,0,40,0.083,100000.0
Fermo,172,13/08/2020,0,480,0,40,0.083,100000.0
Fermo,173,14/08/2020,0,480,0,40,0.083,100000.0
Fermo,174,15/08/2020,0,480,0,40,0.083,100000.0
Fermo,175,16/08/2020,1,481,0,40,0.083,100000.0
Fermo,176,17/08/2020,1,482,0,40,0.083,100000.0
Fermo,177,18/08/2020,0,482,0,40,0.083,100000.0
Fermo,178,19/08/2020,0,482,0,40,0.083,100000.0
Fermo,179,20/08/2020,2,484,0,40,0.083,100000.0
Fermo,180,21/08/2020,0,484,0,40,0.083,100000.0
Fermo,181,22/08/2020,1,485,0,40,0.08199999999999999,100000.0
Fermo,182,23/08/2020,0,485,0,40,0.08199999999999999,100000.0
Fermo,183,24/08/2020,0,485,0,40,0.08199999999999999,100000.0
Fermo,184,25/08/2020,0,485,0,40,0.08199999999999999,100000.0
Fermo,185,26/08/2020,0,485,0,40,0.08199999999999999,100000.0
Fermo,186,27/08/2020,30,515,0,40,0.078,100000.0
Fermo,187,28/08/2020,1,516,0,40,0.078,100000.0
Fermo,188,29/08/2020,0,516,0,40,0.078,100000.0
Fermo,189,30/08/2020,6,522,0,40,0.077,100000.0
Fermo,190,31/08/2020,0,522,0,40,0.077,100000.0
Fermo,191,01/09/2020,0,522,0,40,0.077,100000.0
Fermo,192,02/09/2020,3,525,0,40,0.076,100000.0
Fermo,193,03/09/2020,4,529,0,40,0.076,100000.0
Fermo,194,04/09/2020,0,529,0,40,0.076,100000.0
Fermo,195,05/09/2020,1,530,0,40,0.075,100000.0
Fermo,196,06/09/2020,0,530,0,40,0.075,100000.0
Fermo,197,07/09/2020,0,530,0,40,0.075,100000.0
Fermo,198,08/09/2020,2,532,0,40,0.075,100000.0
Fermo,199,09/09/2020,4,536,0,40,0.075,100000.0
Fermo,200,10/09/2020,0,536,1,41,0.076,100000.0
Fermo,201,11/09/2020,11,547,0,41,0.075,100000.0
Fermo,202,12/09/2020,2,549,0,41,0.075,100000.0
Fermo,203,13/09/2020,1,550,0,41,0.075,100000.0
Fermo,204,14/09/2020,0,550,0,41,0.075,100000.0
Fermo,205,15/09/2020,1,551,0,41,0.07400000000000001,100000.0
Fermo,206,16/09/2020,3,554,0,41,0.07400000000000001,100000.0
Fermo,207,17/09/2020,3,557,0,41,0.07360861759425494,320.48331415420023
Fermo,208,18/09/2020,1,558,0,41,0.07347670250896057,321.0586881472957
Fermo,209,19/09/2020,2,560,0,41,0.07321428571428573,322.2094361334868
Fermo,210,20/09/2020,0,560,0,41,0.07321428571428573,322.2094361334868
Fermo,211,21/09/2020,0,560,0,41,0.07321428571428573,322.2094361334868
Fermo,212,22/09/2020,3,563,0,41,0.07282415630550622,323.93555811277326
Fermo,213,23/09/2020,0,563,0,41,0.07282415630550622,323.93555811277326
Fermo,214,24/09/2020,1,564,0,41,0.0726950354609929,324.5109321058688
Fermo,215,25/09/2020,0,564,0,41,0.0726950354609929,324.51093210586885
