Province,Day,Date,New_cases,Curr_pos_cases,Deaths,Tot_deaths,Lethality_rate,Cumul_rates
Trento,1,2020-02-24,0,0,0,0,0.0,0.0
Trento,2,2020-02-25,0,0,0,0,0.0,0.0
Trento,3,2020-02-26,0,0,0,0,0.0,0.0
Trento,4,2020-02-27,0,0,0,0,0.0,0.0
Trento,5,2020-02-28,0,0,0,0,0.0,0.0
Trento,6,2020-02-29,0,0,0,0,0.0,0.0
Trento,7,2020-03-01,0,0,0,0,0.0,0.0
Trento,8,2020-03-02,0,0,0,0,0.0,0.0
Trento,9,2020-03-03,4,4,0,0,0.0,0.7392376242381229
Trento,10,2020-03-04,1,5,0,0,0.0,0.9240470302976541
Trento,11,2020-03-05,2,7,0,0,0.0,1.29366584241672
Trento,12,2020-03-06,3,10,0,0,0.0,1.84809406059531
Trento,13,2020-03-07,4,14,0,0,0.0,2.5873316848334302
Trento,14,2020-03-08,9,23,0,0,0.0,4.25061633936921
Trento,15,2020-03-09,10,33,0,0,0.0,6.09871039996452
Trento,16,2020-03-10,19,52,0,0,0.0,9.6100891150956
Trento,17,2020-03-11,25,77,0,0,0.0,14.230324266583901
Trento,18,2020-03-12,30,107,1,1,0.009345794392523359,19.774606448369802
Trento,19,2020-03-13,56,163,1,2,0.0122699386503067,30.1239331877035
Trento,20,2020-03-14,43,206,0,2,0.00970873786407767,38.0707376482633
Trento,21,2020-03-15,172,378,4,6,0.0158730158730159,69.8579554905026
Trento,22,2020-03-16,0,378,0,6,0.0158730158730159,69.8579554905026
Trento,23,2020-03-17,7,385,1,7,0.0181818181818182,71.1516213329194
Trento,24,2020-03-18,70,455,0,7,0.0153846153846154,84.0882797570865
Trento,25,2020-03-19,68,523,5,12,0.0229445506692161,96.6553193691346
Trento,26,2020-03-20,119,642,1,13,0.0202492211838006,118.647638690219
Trento,27,2020-03-21,140,782,15,28,0.0358056265984655,144.520955538553
Trento,28,2020-03-22,172,954,7,35,0.0366876310272537,176.308173380792
Trento,29,2020-03-23,69,1023,6,41,0.040078201368524004,189.0600223989
Trento,30,2020-03-24,87,1110,15,56,0.0504504504504505,205.13844072607898
Trento,31,2020-03-25,112,1222,18,74,0.060556464811784,225.83709420474705
Trento,32,2020-03-26,75,1297,12,86,0.0663068619892059,239.697799659211
Trento,33,2020-03-27,94,1391,16,102,0.0733285406182602,257.069883828807
Trento,34,2020-03-28,114,1505,18,120,0.079734219269103,278.138156119594
Trento,35,2020-03-29,89,1594,9,129,0.0809284818067754,294.58619325889197
Trento,36,2020-03-30,88,1682,18,147,0.0873959571938169,310.849420992131
Trento,37,2020-03-31,64,1746,17,164,0.0939289805269187,322.677222979941
Trento,38,2020-04-01,124,1870,9,173,0.0925133689839572,345.593589331323
Trento,39,2020-04-02,133,2003,14,187,0.0933599600599101,370.17324033724
Trento,40,2020-04-03,106,2109,17,204,0.0967283072546231,389.7630373795501
Trento,41,2020-04-04,111,2220,6,210,0.0945945945945946,410.27688145215797
Trento,42,2020-04-05,65,2285,7,217,0.0949671772428884,422.289492846028
Trento,43,2020-04-06,63,2348,13,230,0.0979557069846678,433.93248542777803
Trento,44,2020-04-07,128,2476,14,244,0.09854604200323101,457.588089403398
Trento,45,2020-04-08,126,2602,11,255,0.0980015372790161,480.874074566899
Trento,46,2020-04-09,106,2708,13,268,0.0989660265878877,500.463871609209
Trento,47,2020-04-10,108,2816,7,275,0.09765625,520.423287463639
Trento,48,2020-04-11,154,2970,9,284,0.0956228956228956,548.883935996807
Trento,49,2020-04-12,83,3053,9,293,0.0959711758925647,564.223116699748
Trento,50,2020-04-13,73,3126,7,300,0.0959692898272553,577.714203342093
Trento,51,2020-04-14,15,3141,10,310,0.0986946832219038,580.486344432986
Trento,52,2020-04-15,79,3220,8,318,0.0987577639751553,595.086287511689
Trento,53,2020-04-16,74,3294,4,322,0.0977534911961141,608.762183560095
Trento,54,2020-04-17,82,3376,20,342,0.101303317535545,623.9165548569761
Trento,55,2020-04-18,55,3431,6,348,0.101428155056835,634.08107219025
Trento,56,2020-04-19,101,3532,12,360,0.101925254813137,652.746822202263
Trento,57,2020-04-20,58,3590,6,366,0.10194986072423401,663.465767753716
Trento,58,2020-04-21,24,3614,10,376,0.104039845047039,667.901193499144
Trento,59,2020-04-22,32,3646,5,381,0.104498080087767,673.8150944930491
Trento,60,2020-04-23,81,3727,1,382,0.10249530453447804,688.784656383871
Trento,61,2020-04-24,49,3776,7,389,0.10301906779660999,697.840317280788
Trento,62,2020-04-25,62,3838,11,400,0.104220948410631,709.298500456479
Trento,63,2020-04-26,56,3894,5,405,0.10400616332819697,719.647827195813
Trento,64,2020-04-27,101,3995,2,407,0.101877346683354,738.3135772078259
Trento,65,2020-04-28,30,4025,5,412,0.102360248447205,743.857859389611
Trento,66,2020-04-29,44,4069,4,416,0.10223642172524001,751.9894732562309
Trento,67,2020-04-30,47,4116,2,418,0.10155490767735699,760.675515341029
Trento,68,2020-05-01,16,4132,5,423,0.10237173281703801,763.6324658379808
Trento,69,2020-05-02,49,4181,2,425,0.101650322889261,772.6881267348981
Trento,70,2020-05-03,66,4247,4,429,0.101012479397222,784.885547534827
Trento,71,2020-05-04,11,4258,1,430,0.100986378581494,786.9184510014819
Trento,72,2020-05-05,3,4261,3,433,0.101619338183525,787.472879219661
Trento,73,2020-05-06,19,4280,4,437,0.10210280373831801,790.984257934792
Trento,74,2020-05-07,3,4283,1,438,0.10226476768620098,791.5386861529712
Trento,75,2020-05-08,2,4285,0,438,0.10221703617269501,791.90830496509
Trento,76,2020-05-09,7,4292,0,438,0.10205032618825698,793.201970807506
Trento,77,2020-05-10,3,4295,3,441,0.10267753201397,793.7563990256848
Trento,78,2020-05-11,2,4297,2,443,0.103095182685595,794.1260178378038
Trento,79,2020-05-12,6,4303,2,445,0.10341622124099499,795.234874274161
Trento,80,2020-05-13,9,4312,1,446,0.10343228200371099,796.8981589286971
Trento,81,2020-05-14,3,4315,2,448,0.103823870220162,797.452587146875
Trento,82,2020-05-15,3,4318,3,451,0.10444650301065304,798.007015365054
Trento,83,2020-05-16,8,4326,2,453,0.10471567267683804,799.4854906135298
Trento,84,2020-05-17,12,4338,0,453,0.104426002766252,801.703203486245
Trento,85,2020-05-18,13,4351,0,453,0.10411399678234899,804.1057257650191
Trento,86,2020-05-19,7,4358,2,455,0.1044056906838,805.399391607435
Trento,87,2020-05-20,10,4368,0,455,0.10416666666666699,807.247485668031
Trento,88,2020-05-21,10,4378,0,455,0.10392873458200096,809.0955797286259
Trento,89,2020-05-22,10,4388,0,455,0.11392873458200099,810.0955797286259
Trento,90,2020-05-23,7,4395,1,456,0.12392873458200099,811.0955797286259
Trento,91,2020-05-24,9,4404,1,457,0.133928734582001,812.0955797286259
Trento,92,2020-05-25,1,4405,1,458,0.103972758229285,814.085433692233
Trento,93,2020-05-26,10,4415,3,461,0.104416761041903,815.933527752829
Trento,94,2020-05-27,7,4422,1,462,0.10447761194029903,817.227193595245
Trento,95,2020-05-28,3,4425,0,462,0.10440677966101701,817.7816218134241
Trento,96,2020-05-29,3,4428,0,462,0.104336043360434,818.336050031602
Trento,97,2020-05-30,1,4429,0,462,0.104312485888462,818.520859437662
Trento,98,2020-05-31,1,4430,0,462,0.10428894,818.7056690000003
Trento,99,2020-06-01,2,4432,0,462,0.10424187725631802,819.07528765584
Trento,100,2020-06-02,0,4432,1,463,0.104467509025271,819.07528765584
Trento,101,2020-06-03,1,4433,0,463,0.10444394315362056,819.2600970619002
Trento,102,2020-06-04,0,4433,1,464,0.10466952402436272,819.2600970619002
Trento,103,2020-06-05,0,4433,0,464,0.10466952402436272,819.2600970619002
Trento,104,2020-06-06,1,4434,0,464,0.10464591790708164,819.4449064679596
Trento,105,2020-06-07,1,4435,0,464,0.10462232243517476,819.6297158740193
Trento,106,2020-06-08,1,4436,0,464,0.10459873760144274,819.8145252800786
Trento,107,2020-06-09,3,4439,0,464,0.10452804685740033,820.3689534982573
Trento,108,2020-06-10,0,4439,0,464,0.10452804685740033,820.3689534982573
Trento,109,2020-06-11,2,4441,0,464,0.10448097275388428,820.7385723103764
Trento,110,2020-06-12,2,4443,0,464,0.10443394103083503,821.1081911224952
Trento,111,2020-06-13,3,4446,0,464,0.10436347278452544,821.6626193406737
Trento,112,2020-06-14,1,4447,0,464,0.104340004497414,821.8474287467335
Trento,113,2020-06-15,1,4448,1,465,0.10454136690647482,822.032238152793
Trento,114,2020-06-16,0,4448,0,465,0.10454136690647482,822.032238152793
Trento,115,2020-06-17,1,4449,0,465,0.10451786918408633,822.2170475588526
Trento,116,2020-06-18,8,4457,0,465,0.10433026699573704,823.695522807329
Trento,117,2020-06-19,1,4458,1,466,0.10453117990130104,823.8803322133882
Trento,118,2020-06-20,0,4458,0,466,0.10453117990130104,823.8803322133882
Trento,119,2020-06-21,5,4463,0,466,0.10441407125252072,824.8043792436861
Trento,120,2020-06-22,1,4464,0,466,0.10439068100358424,824.9891886497455
Trento,121,2020-06-23,1,4465,0,466,0.1043673012318029,825.1739980558051
Trento,122,2020-06-24,387,4852,-61,405,0.08347073371805441,896.6952382008435
Trento,123,2020-06-25,3,4855,0,405,0.08341915550978372,897.2496664190221
Trento,124,2020-06-26,4,4859,0,405,0.08335048363860878,897.9889040432602
Trento,125,2020-06-27,1,4860,0,405,0.08333333333333333,898.1737134493197
Trento,126,2020-06-28,3,4863,0,405,0.08328192473781616,898.7281416674983
Trento,127,2020-06-29,0,4863,0,405,0.08328192473781616,898.7281416674983
Trento,128,2020-06-30,0,4863,0,405,0.08328192473781616,898.7281416674983
Trento,129,2020-07-01,1,4864,0,405,0.08326480263157894,898.9129510735579
Trento,130,2020-07-02,1,4865,0,405,0.08324768756423433,899.0977604796174
Trento,131,2020-07-03,6,4871,0,405,0.08314514473414084,900.2066169159745
Trento,132,2020-07-04,2,4873,0,405,0.0831110199056023,900.5762357280936
Trento,133,2020-07-05,0,4873,0,405,0.0831110199056023,900.5762357280936
Trento,134,2020-07-06,0,4873,0,405,0.0831110199056023,900.5762357280936
Trento,135,2020-07-07,3,4876,0,405,0.08305988515176374,901.1306639462724
Trento,136,2020-07-08,0,4876,0,405,0.08305988515176374,901.1306639462724
Trento,137,2020-07-09,0,4876,0,405,0.08305988515176374,901.1306639462724
Trento,138,2020-07-10,3,4879,0,405,0.08300881328141012,901.6850921644507
Trento,139,2020-07-11,2,4881,0,405,0.08297480024585126,902.0547109765698
Trento,140,2020-07-12,0,4881,0,405,0.08297480024585126,902.0547109765698
Trento,141,2020-07-13,0,4881,0,405,0.08297480024585126,902.0547109765698
Trento,142,2020-07-14,0,4881,0,405,0.08297480024585126,902.0547109765698
Trento,143,2020-07-15,0,4881,0,405,0.08297480024585126,902.0547109765698
Trento,144,2020-07-16,0,4881,0,405,0.08297480024585126,902.0547109765698
Trento,145,2020-07-17,0,4881,0,405,0.08297480024585126,902.0547109765698
Trento,146,2020-07-18,3,4884,0,405,0.08292383292383293,902.6091391947484
Trento,147,2020-07-19,1,4885,0,405,0.08290685772773798,902.793948600808
Trento,148,2020-07-20,4,4889,0,405,0.08283902638576396,903.5331862250459
Trento,149,2020-07-21,2,4891,0,405,0.08280515232058884,903.9028050371652
Trento,150,2020-07-22,20,4911,0,405,0.0824679291386683,907.5989931583556
Trento,151,2020-07-23,30,4941,0,405,0.08196721311475409,913.1432753401416
Trento,152,2020-07-24,16,4957,0,405,0.08170264272745613,916.1002258370944
Trento,153,2020-07-25,2,4959,0,405,0.08166969147005444,916.4698446492132
Trento,154,2020-07-26,6,4965,0,405,0.08157099697885196,917.5787010855704
Trento,155,2020-07-27,1,4966,0,405,0.08155457108336689,917.76351049163
Trento,156,2020-07-28,0,4966,0,405,0.08155457108336689,917.7635104916301
Trento,157,2020-07-29,4,4970,0,405,0.08148893360160966,918.502748115868
Trento,158,2020-07-30,3,4973,0,405,0.0814397747838327,919.0571763340467
Trento,159,2020-07-31,2,4975,0,405,0.0814070351758794,919.4267951461657
