Province,Day,Date,New_cases,Curr_pos_cases,Deaths,Tot_deaths,Lethality_rate,Cumul_rates
Trento,1,24/02/2020,0,0,0,0,0.0,0.0
Trento,2,25/02/2020,0,0,0,0,0.0,0.0
Trento,3,26/02/2020,0,0,0,0,0.0,0.0
Trento,4,27/02/2020,0,0,0,0,0.0,0.0
Trento,5,28/02/2020,0,0,0,0,0.0,0.0
Trento,6,29/02/2020,0,0,0,0,0.0,0.0
Trento,7,01/03/2020,0,0,0,0,0.0,0.0
Trento,8,02/03/2020,0,0,0,0,0.0,0.0
Trento,9,03/03/2020,4,4,0,0,0.0,0.739237624
Trento,10,04/03/2020,1,5,0,0,0.0,0.92404703
Trento,11,05/03/2020,2,7,0,0,0.0,1.293665842
Trento,12,06/03/2020,3,10,0,0,0.0,1.8480940609999998
Trento,13,07/03/2020,4,14,0,0,0.0,2.587331685
Trento,14,08/03/2020,9,23,0,0,0.0,4.250616339
Trento,15,09/03/2020,10,33,0,0,0.0,6.098710400000001
Trento,16,10/03/2020,19,52,0,0,0.0,9.610089115
Trento,17,11/03/2020,25,77,0,0,0.0,14.23032427
Trento,18,12/03/2020,30,107,1,1,0.009000000000000001,19.77460645
Trento,19,13/03/2020,56,163,1,2,0.012,30.12393319
Trento,20,14/03/2020,43,206,0,2,0.01,38.07073765
Trento,21,15/03/2020,172,378,4,6,0.016,69.85795549
Trento,22,16/03/2020,0,378,0,6,0.016,69.85795549
Trento,23,17/03/2020,7,385,1,7,0.018000000000000002,71.15162133
Trento,24,18/03/2020,70,455,0,7,0.015,84.08827976
Trento,25,19/03/2020,68,523,5,12,0.023,96.65531937
Trento,26,20/03/2020,119,642,1,13,0.02,118.64763870000002
Trento,27,21/03/2020,140,782,15,28,0.036000000000000004,144.52095549999999
Trento,28,22/03/2020,172,954,7,35,0.037000000000000005,176.30817340000004
Trento,29,23/03/2020,69,1023,6,41,0.04,189.0600224
Trento,30,24/03/2020,87,1110,15,56,0.05,205.1384407
Trento,31,25/03/2020,112,1222,18,74,0.061,225.83709419999997
Trento,32,26/03/2020,75,1297,12,86,0.066,239.6977997
Trento,33,27/03/2020,94,1391,16,102,0.073,257.0698838
Trento,34,28/03/2020,114,1505,18,120,0.08,278.1381561
Trento,35,29/03/2020,89,1594,9,129,0.081,294.5861933000001
Trento,36,30/03/2020,88,1682,18,147,0.087,310.849421
Trento,37,31/03/2020,64,1746,17,164,0.094,322.677223
Trento,38,01/04/2020,124,1870,9,173,0.093,345.5935893
Trento,39,02/04/2020,133,2003,14,187,0.093,370.1732403
Trento,40,03/04/2020,106,2109,17,204,0.097,389.7630374
Trento,41,04/04/2020,111,2220,6,210,0.095,410.2768815
Trento,42,05/04/2020,65,2285,7,217,0.095,422.2894928
Trento,43,06/04/2020,63,2348,13,230,0.098,433.93248539999996
Trento,44,07/04/2020,128,2476,14,244,0.099,457.58808939999994
Trento,45,08/04/2020,126,2602,11,255,0.098,480.87407460000003
Trento,46,09/04/2020,106,2708,13,268,0.099,500.4638716
Trento,47,10/04/2020,108,2816,7,275,0.098,520.4232875
Trento,48,11/04/2020,154,2970,9,284,0.096,548.8839360000002
Trento,49,12/04/2020,83,3053,9,293,0.096,564.2231167
Trento,50,13/04/2020,73,3126,7,300,0.096,577.7142033
Trento,51,14/04/2020,15,3141,10,310,0.099,580.4863444
Trento,52,15/04/2020,79,3220,8,318,0.099,595.0862875
Trento,53,16/04/2020,74,3294,4,322,0.098,608.7621836
Trento,54,17/04/2020,82,3376,20,342,0.101,623.9165548999998
Trento,55,18/04/2020,55,3431,6,348,0.101,634.0810722
Trento,56,19/04/2020,101,3532,12,360,0.102,652.7468222
Trento,57,20/04/2020,58,3590,6,366,0.102,663.4657678
Trento,58,21/04/2020,24,3614,10,376,0.104,667.9011935
Trento,59,22/04/2020,32,3646,5,381,0.104,673.8150945
Trento,60,23/04/2020,81,3727,1,382,0.102,688.7846563999999
Trento,61,24/04/2020,49,3776,7,389,0.103,697.8403172999997
Trento,62,25/04/2020,62,3838,11,400,0.104,709.2985005
Trento,63,26/04/2020,56,3894,5,405,0.104,719.6478272
Trento,64,27/04/2020,101,3995,2,407,0.102,738.3135772
Trento,65,28/04/2020,30,4025,5,412,0.102,743.8578593999997
Trento,66,29/04/2020,44,4069,4,416,0.102,751.9894732999999
Trento,67,30/04/2020,47,4116,2,418,0.102,760.6755153
Trento,68,01/05/2020,16,4132,5,423,0.102,763.6324658
Trento,69,02/05/2020,49,4181,2,425,0.102,772.6881267000001
Trento,70,03/05/2020,66,4247,4,429,0.101,784.8855474999997
Trento,71,04/05/2020,11,4258,1,430,0.101,786.918451
Trento,72,05/05/2020,3,4261,3,433,0.102,787.4728792000003
Trento,73,06/05/2020,19,4280,4,437,0.102,790.9842579
Trento,74,07/05/2020,3,4283,1,438,0.102,791.5386862
Trento,75,08/05/2020,2,4285,0,438,0.102,791.9083049999997
Trento,76,09/05/2020,7,4292,0,438,0.102,793.2019707999997
Trento,77,10/05/2020,3,4295,3,441,0.103,793.756399
Trento,78,11/05/2020,2,4297,2,443,0.103,794.1260177999999
Trento,79,12/05/2020,6,4303,2,445,0.103,795.2348743
Trento,80,13/05/2020,9,4312,1,446,0.103,796.8981589
Trento,81,14/05/2020,3,4315,2,448,0.104,797.4525871000003
Trento,82,15/05/2020,3,4318,3,451,0.104,798.0070154
Trento,83,16/05/2020,8,4326,2,453,0.105,799.4854906
Trento,84,17/05/2020,12,4338,0,453,0.104,801.7032035
Trento,85,18/05/2020,13,4351,0,453,0.104,804.1057258
Trento,86,19/05/2020,7,4358,2,455,0.104,805.3993916000003
Trento,87,20/05/2020,10,4368,0,455,0.104,807.2474857000003
Trento,88,21/05/2020,10,4378,0,455,0.104,809.0955797
Trento,89,22/05/2020,10,4388,0,455,0.104,810.0955797
Trento,90,23/05/2020,7,4395,1,456,0.104,811.0955797
Trento,91,24/05/2020,9,4404,1,457,0.104,812.0955797
Trento,92,25/05/2020,1,4405,1,458,0.104,814.0854337000003
Trento,93,26/05/2020,10,4415,3,461,0.104,815.9335278
Trento,94,27/05/2020,7,4422,1,462,0.104,817.2271936000003
Trento,95,28/05/2020,3,4425,0,462,0.104,817.7816217999997
Trento,96,29/05/2020,3,4428,0,462,0.104,818.33605
Trento,97,30/05/2020,1,4429,0,462,0.104,818.5208594
Trento,98,31/05/2020,1,4430,0,462,0.104,818.7056690000003
Trento,99,01/06/2020,2,4432,0,462,0.104,819.0752877
Trento,100,02/06/2020,0,4432,1,463,0.104,819.0752877
Trento,101,03/06/2020,1,4433,0,463,0.104,819.2600970999997
Trento,102,04/06/2020,0,4433,1,464,0.105,819.2600970999997
Trento,103,05/06/2020,0,4433,0,464,0.105,819.2600970999997
Trento,104,06/06/2020,1,4434,0,464,0.105,819.4449065
Trento,105,07/06/2020,1,4435,0,464,0.105,819.6297159
Trento,106,08/06/2020,1,4436,0,464,0.105,819.8145252999999
Trento,107,09/06/2020,3,4439,0,464,0.105,820.3689535
Trento,108,10/06/2020,0,4439,0,464,0.105,820.3689535
Trento,109,11/06/2020,2,4441,0,464,0.104,820.7385722999999
Trento,110,12/06/2020,2,4443,0,464,0.104,821.1081911
Trento,111,13/06/2020,3,4446,0,464,0.104,821.6626193
Trento,112,14/06/2020,1,4447,0,464,0.104,821.8474287
Trento,113,15/06/2020,1,4448,1,465,0.105,822.0322382
Trento,114,16/06/2020,0,4448,0,465,0.105,822.0322382
Trento,115,17/06/2020,1,4449,0,465,0.105,822.2170476
Trento,116,18/06/2020,8,4457,0,465,0.104,823.6955227999997
Trento,117,19/06/2020,1,4458,1,466,0.105,823.8803322000001
Trento,118,20/06/2020,0,4458,0,466,0.105,823.8803322000001
Trento,119,21/06/2020,5,4463,0,466,0.104,824.8043792000003
Trento,120,22/06/2020,1,4464,0,466,0.104,824.9891886
Trento,121,23/06/2020,1,4465,0,466,0.104,825.1739981000003
Trento,122,24/06/2020,387,4852,-61,405,0.083,896.6952382000003
Trento,123,25/06/2020,3,4855,0,405,0.083,897.2496663999997
Trento,124,26/06/2020,4,4859,0,405,0.083,897.9889039999997
Trento,125,27/06/2020,1,4860,0,405,0.083,898.1737134
Trento,126,28/06/2020,3,4863,0,405,0.083,898.7281417000003
Trento,127,29/06/2020,0,4863,0,405,0.083,898.7281417000003
Trento,128,30/06/2020,0,4863,0,405,0.083,898.7281417000003
Trento,129,01/07/2020,1,4864,0,405,0.083,898.9129511
Trento,130,02/07/2020,1,4865,0,405,0.083,899.0977605
Trento,131,03/07/2020,6,4871,0,405,0.083,900.2066169
Trento,132,04/07/2020,2,4873,0,405,0.083,900.5762357000001
Trento,133,05/07/2020,0,4873,0,405,0.083,900.5762357000001
Trento,134,06/07/2020,0,4873,0,405,0.083,900.5762357000001
Trento,135,07/07/2020,3,4876,0,405,0.083,901.1306639000001
Trento,136,08/07/2020,0,4876,0,405,0.083,901.1306639000001
Trento,137,09/07/2020,0,4876,0,405,0.083,901.1306639000001
Trento,138,10/07/2020,3,4879,0,405,0.083,901.6850922
Trento,139,11/07/2020,2,4881,0,405,0.083,902.0547109999999
Trento,140,12/07/2020,0,4881,0,405,0.083,902.0547109999999
Trento,141,13/07/2020,0,4881,0,405,0.083,902.0547109999999
Trento,142,14/07/2020,0,4881,0,405,0.083,902.0547109999999
Trento,143,15/07/2020,0,4881,0,405,0.083,902.0547109999999
Trento,144,16/07/2020,0,4881,0,405,0.083,902.0547109999999
Trento,145,17/07/2020,0,4881,0,405,0.083,902.0547109999999
Trento,146,18/07/2020,3,4884,0,405,0.083,902.6091392000001
Trento,147,19/07/2020,1,4885,0,405,0.083,902.7939485999999
Trento,148,20/07/2020,4,4889,0,405,0.083,903.5331861999999
Trento,149,21/07/2020,2,4891,0,405,0.083,903.9028050000001
Trento,150,22/07/2020,20,4911,0,405,0.08199999999999999,907.5989932
Trento,151,23/07/2020,30,4941,0,405,0.08199999999999999,913.1432752999999
Trento,152,24/07/2020,16,4957,0,405,0.08199999999999999,916.1002258
Trento,153,25/07/2020,2,4959,0,405,0.08199999999999999,916.4698446000001
Trento,154,26/07/2020,6,4965,0,405,0.08199999999999999,917.5787011
Trento,155,27/07/2020,1,4966,0,405,0.08199999999999999,917.7635105
Trento,156,28/07/2020,0,4966,0,405,0.08199999999999999,917.7635105
Trento,157,29/07/2020,4,4970,0,405,0.081,918.5027481000001
Trento,158,30/07/2020,3,4973,0,405,0.081,919.0571763
Trento,159,31/07/2020,2,4975,0,405,0.081,919.4267950999999
Trento,160,01/08/2020,0,4975,0,405,0.081,919.4267950999999
Trento,161,02/08/2020,4,4979,0,405,0.081,920.1660327999999
Trento,162,03/08/2020,2,4981,0,405,0.081,920.5356516
Trento,163,04/08/2020,2,4983,0,405,0.081,920.9052704
Trento,164,05/08/2020,1,4984,0,405,0.081,921.0900798
Trento,165,06/08/2020,4,4988,0,405,0.081,921.8293174
Trento,166,07/08/2020,4,4992,0,405,0.081,922.5685550000001
Trento,167,08/08/2020,1,4993,0,405,0.081,922.7533645
Trento,168,09/08/2020,2,4995,0,405,0.081,923.1229832999999
Trento,169,10/08/2020,1,4996,0,405,0.081,923.3077927000003
Trento,170,11/08/2020,2,4998,0,405,0.081,923.6774115000001
Trento,171,12/08/2020,0,4998,0,405,0.081,923.6774115000001
Trento,172,13/08/2020,2,5000,0,405,0.081,924.0470303
Trento,173,14/08/2020,3,5003,0,405,0.081,924.6014585
Trento,174,15/08/2020,0,5003,0,405,0.081,924.6014585
Trento,175,16/08/2020,0,5003,0,405,0.081,924.6014585
Trento,176,17/08/2020,1,5004,0,405,0.081,924.7862679218922
Trento,177,18/08/2020,2,5006,0,405,0.081,925.5255055461304
Trento,178,19/08/2020,2,5008,0,405,0.081,925.5255055461304
Trento,179,20/08/2020,4,5012,0,405,0.081,926.2647431703683
Trento,180,21/08/2020,4,5016,0,405,0.081,927.0039807946064
Trento,181,22/08/2020,9,5025,0,405,0.081,928.6672654491423
Trento,182,23/08/2020,3,5028,0,405,0.081,929.2216936673207
Trento,183,24/08/2020,1,5029,0,405,0.081,929.4065030733805
Trento,184,25/08/2020,3,5032,0,405,0.08,929.960931291559
Trento,185,26/08/2020,7,5039,0,405,0.08,931.2545971339757
Trento,186,27/08/2020,15,5054,0,405,0.08,934.0267382248687
Trento,187,28/08/2020,16,5070,0,405,0.08,936.9836887218213
Trento,188,29/08/2020,14,5084,0,405,0.08,939.5710204066546
Trento,189,30/08/2020,8,5092,0,405,0.08,941.0494956551307
Trento,190,31/08/2020,4,5096,0,405,0.079,941.788733279369
Trento,191,01/09/2020,3,5099,0,405,0.079,942.3431614975476
Trento,192,02/09/2020,33,5132,0,405,0.079,948.4418718975121
Trento,193,03/09/2020,91,5223,0,405,0.078,965.2595278489296
Trento,194,04/09/2020,23,5246,0,405,0.077,969.5101441882988
Trento,195,05/09/2020,53,5299,0,405,0.076,979.3050427094536
Trento,196,06/09/2020,33,5332,0,405,0.076,985.4037531094183
Trento,197,07/09/2020,17,5349,0,405,0.076,988.5455130124304
Trento,198,08/09/2020,3,5352,0,405,0.076,989.0999412306088
Trento,199,09/09/2020,7,5359,0,405,0.076,990.3936070730257
Trento,200,10/09/2020,82,5441,0,405,0.07400000000000001,1005.5479783699072
Trento,201,11/09/2020,29,5470,0,405,0.07400000000000001,1010.9074511456337
Trento,202,12/09/2020,22,5492,0,405,0.07400000000000001,1014.9732580789432
Trento,203,13/09/2020,9,5501,0,405,0.07400000000000001,1016.636542733479
Trento,204,14/09/2020,20,5521,0,405,0.073,1020.3327308546696
Trento,205,15/09/2020,20,5541,0,405,0.073,1024.0289189758605
Trento,206,16/09/2020,32,5573,0,405,0.073,1029.9428199697654
Trento,207,17/09/2020,76,5649,0,405,0.07169410515135423,1043.9883348302897
Trento,208,18/09/2020,18,5667,0,405,0.0714663843303335,1047.314904139361
Trento,209,19/09/2020,22,5689,0,405,0.07119001582000352,1051.3807110726707
Trento,210,20/09/2020,0,5689,0,405,0.07119001582000352,1051.3807110726707
Trento,211,21/09/2020,45,5734,0,405,0.07063132193930938,1059.6971343453495
Trento,212,22/09/2020,2,5736,0,405,0.07060669456066945,1060.0667531574686
