Province,Day,Date,New_cases,Curr_pos_cases,Deaths,Tot_deaths,Lethality_rate,Cumul_rates
Padova,1,24/02/2020,0,0,0,0,0,0
Padova,2,25/02/2020,30,30,0,0,0,3.2
Padova,3,26/02/2020,10,40,0,0,0,4.26
Padova,4,27/02/2020,19,59,0,0,0,6.29
Padova,5,28/02/2020,9,68,0,0,0,7.25
Padova,6,29/02/2020,13,81,0,0,0,8.64
Padova,7,01/03/2020,24,105,0,0,0,11.2
Padova,8,02/03/2020,30,135,0,0,0,14.39
Padova,9,03/03/2020,9,144,0,0,0,15.35
Padova,10,04/03/2020,18,162,0,0,0,17.27
Padova,11,05/03/2020,13,175,0,0,0,18.66
Padova,12,06/03/2020,23,198,0,0,0,21.11
Padova,13,07/03/2020,18,216,0,0,0,23.03
Padova,14,08/03/2020,39,255,0,0,0,27.19
Padova,15,09/03/2020,18,273,0,0,0,29.11
Padova,16,10/03/2020,23,296,0,0,0,31.56
Padova,17,11/03/2020,77,373,0,0,0,39.77
Padova,18,12/03/2020,66,439,0,0,0,46.81
Padova,19,13/03/2020,84,523,0,0,0,55.76
Padova,20,14/03/2020,88,611,0,0,0,65.14
Padova,21,15/03/2020,47,658,0,0,0,70.16
Padova,22,16/03/2020,57,715,0,0,0,76.23
Padova,23,17/03/2020,66,781,0,0,0,83.27
Padova,24,18/03/2020,101,882,0,0,0,94.04
Padova,25,19/03/2020,42,924,0,0,0,98.52
Padova,26,20/03/2020,102,1026,0,0,0,109.39
Padova,27,21/03/2020,129,1155,0,0,0,123.15
Padova,28,22/03/2020,122,1277,0,0,0,136.15
Padova,29,23/03/2020,94,1371,0,0,0,146.18
Padova,30,24/03/2020,93,1464,0,0,0,156.09
Padova,31,25/03/2020,172,1636,0,0,0,174.43
Padova,32,26/03/2020,141,1777,0,0,0,189.46
Padova,33,27/03/2020,114,1891,0,0,0,201.62
Padova,34,28/03/2020,118,2009,0,0,0,214.2
Padova,35,29/03/2020,115,2124,0,0,0,226.46
Padova,36,30/03/2020,64,2188,0,0,0,233.29
Padova,37,31/03/2020,76,2264,0,0,0,241.39
Padova,38,01/04/2020,104,2368,0,0,0,252.48
Padova,39,02/04/2020,121,2489,0,0,0,265.38
Padova,40,03/04/2020,64,2553,0,0,0,272.2
Padova,41,04/04/2020,79,2632,0,0,0,280.62
Padova,42,05/04/2020,112,2744,0,0,0,292.57
Padova,43,06/04/2020,119,2863,0,0,0,305.25
Padova,44,07/04/2020,102,2965,0,0,0,316.13
Padova,45,08/04/2020,91,3056,0,0,0,325.83
Padova,46,09/04/2020,78,3134,0,0,0,334.15
Padova,47,10/04/2020,72,3206,0,0,0,341.82
Padova,48,11/04/2020,44,3250,0,0,0,346.52
Padova,49,12/04/2020,60,3310,0,0,0,352.91
Padova,50,13/04/2020,44,3354,0,0,0,357.6
Padova,51,14/04/2020,53,3407,0,0,0,363.26
Padova,52,15/04/2020,43,3450,0,0,0,367.84
Padova,53,16/04/2020,87,3537,0,0,0,377.12
Padova,54,17/04/2020,54,3591,0,0,0,382.87
Padova,55,18/04/2020,42,3633,0,0,0,387.35
Padova,56,19/04/2020,34,3667,4,4,0,390.98
Padova,57,20/04/2020,26,3693,5,9,0,393.75
Padova,58,21/04/2020,28,3721,5,14,0,396.73
Padova,59,22/04/2020,30,3751,4,18,0,399.93
Padova,60,23/04/2020,18,3769,3,21,0.01,401.85
Padova,61,24/04/2020,25,3794,10,31,0.01,404.52
Padova,62,25/04/2020,8,3802,5,36,0.01,405.37
Padova,63,26/04/2020,16,3818,1,37,0.01,407.08
Padova,64,27/04/2020,9,3827,4,41,0.01,408.04
Padova,65,28/04/2020,9,3836,2,43,0.01,409
Padova,66,29/04/2020,0,3836,2,45,0.01,409
Padova,67,30/04/2020,15,3851,198,243,0.06,410.59
Padova,68,01/05/2020,11,3862,5,248,0.06,411.77
Padova,69,02/05/2020,5,3867,2,250,0.06,412.3
Padova,70,03/05/2020,0,3867,1,251,0.06,412.3
Padova,71,04/05/2020,4,3871,1,252,0.06,412.73
Padova,72,05/05/2020,5,3876,1,253,0.06,413.26
Padova,73,06/05/2020,3,3879,1,254,0.06,413.58
Padova,74,07/05/2020,6,3885,0,254,0.06,414.22
Padova,75,08/05/2020,4,3889,0,254,0.06,414.65
Padova,76,09/05/2020,2,3891,0,254,0.06,414.86
Padova,77,10/05/2020,4,3895,0,254,0.06,415.29
Padova,78,11/05/2020,5,3900,1,255,0.06,415.82
Padova,79,12/05/2020,3,3903,4,259,0.07,416.14
Padova,80,13/05/2020,1,3904,3,262,0.07,416.25
Padova,81,14/05/2020,3,3907,4,266,0.07,416.57
Padova,82,15/05/2020,1,3908,0,266,0.07,416.67
Padova,83,16/05/2020,4,3912,0,266,0.07,417.1
Padova,84,17/05/2020,2,3914,0,266,0.07,417.31
Padova,85,18/05/2020,1,3915,0,266,0.07,417.42
Padova,86,19/05/2020,1,3916,4,270,0.07,417.52
Padova,87,20/05/2020,3,3919,2,272,0.07,417.84
Padova,88,21/05/2020,4,3923,0,272,0.07,418.27
Padova,89,22/05/2020,3,3926,1,273,0.07,418.59
Padova,90,23/05/2020,1,3927,0,273,0.07,418.7
Padova,91,24/05/2020,0,3927,2,275,0.07,418.7
Padova,92,25/05/2020,1,3928,0,275,0.07,418.8
Padova,93,26/05/2020,1,3929,0,275,0.07,418.91
Padova,94,27/05/2020,0,3929,3,278,0.07,418.91
Padova,95,28/05/2020,1,3930,2,280,0.07,419.02
Padova,96,29/05/2020,1,3931,0,280,0.07,419.12
Padova,97,30/05/2020,0,3931,1,281,0.07,419.12
Padova,98,31/05/2020,1,3932,2,283,0.07,419.23
Padova,99,01/06/2020,1,3933,0,283,0.07,419.34
Padova,100,02/06/2020,0,3933,3,286,0.07,419.34
Padova,101,03/06/2020,-1,3932,0,286,0.07,419.23
Padova,102,04/06/2020,0,3932,4,290,0.07,419.23
Padova,103,05/06/2020,0,3932,0,290,0.07,419.23
Padova,104,06/06/2020,1,3933,3,293,0.07,419.34
Padova,105,07/06/2020,0,3933,1,294,0.07,419.34
Padova,106,08/06/2020,0,3933,0,294,0.07,419.34
Padova,107,09/06/2020,1,3934,3,297,0.07,419.44
Padova,108,10/06/2020,1,3935,0,297,0.07,419.55
Padova,109,11/06/2020,-1,3934,0,297,0.07,419.44
Padova,110,12/06/2020,-1,3933,0,297,0.08,419.34
Padova,111,13/06/2020,9,3942,1,298,0.08,420.3
Padova,112,14/06/2020,0,3942,0,298,0.08,420.3
Padova,113,15/06/2020,1,3943,0,298,0.08,420.4
Padova,114,16/06/2020,0,3943,0,298,0.08,420.4
Padova,115,17/06/2020,0,3943,0,298,0.08,420.4
Padova,116,18/06/2020,1,3944,1,299,0.08,420.51
Padova,117,19/06/2020,0,3944,0,299,0.08,420.51
Padova,118,20/06/2020,0,3944,1,300,0.08,420.51
Padova,119,21/06/2020,0,3944,0,300,0.08,420.51
Padova,120,22/06/2020,0,3944,1,301,0.08,420.51
Padova,121,23/06/2020,-1,3943,0,301,0.08,420.4
Padova,122,24/06/2020,1,3944,0,301,0.08,420.51
Padova,123,25/06/2020,3,3947,0,301,0.08,420.83
Padova,124,26/06/2020,1,3948,0,301,0.08,420.94
Padova,125,27/06/2020,1,3949,0,301,0.08,421.04
Padova,126,28/06/2020,0,3949,1,302,0.08,421.04
Padova,127,29/06/2020,1,3950,0,302,0.08,421.15
Padova,128,30/06/2020,4,3954,1,303,0.08,421.58
Padova,129,01/07/2020,-1,3953,1,304,0.08,421.47
Padova,130,02/07/2020,5,3958,0,304,0.08,422
Padova,131,03/07/2020,0,3958,0,304,0.08,422
Padova,132,04/07/2020,1,3959,0,304,0.08,422.11
Padova,133,05/07/2020,2,3961,0,304,0.08,422.32
Padova,134,06/07/2020,1,3962,1,305,0.08,422.43
Padova,135,07/07/2020,3,3965,4,309,0.08,422.75
Padova,136,08/07/2020,4,3969,0,309,0.08,423.18
Padova,137,09/07/2020,6,3975,1,310,0.08,423.82
Padova,138,10/07/2020,4,3979,0,310,0.08,424.24
Padova,139,11/07/2020,2,3981,0,310,0.08,424.46
Padova,140,12/07/2020,4,3985,0,310,0.08,424.88
Padova,141,13/07/2020,2,3987,0,310,0.08,425.09
Padova,142,14/07/2020,4,3991,0,310,0.08,425.52
Padova,143,15/07/2020,8,3999,1,311,0.08,426.37
Padova,144,16/07/2020,12,4011,1,312,0.08,427.65
Padova,145,17/07/2020,17,4028,0,312,0.08,429.47
Padova,146,18/07/2020,15,4043,0,312,0.08,431.07
Padova,147,19/07/2020,31,4074,1,313,0.08,434.37
Padova,148,20/07/2020,34,4108,0,313,0.08,438
Padova,149,21/07/2020,11,4119,1,314,0.08,439.17
Padova,150,22/07/2020,17,4136,2,316,0.08,440.98
Padova,151,23/07/2020,21,4157,0,316,0.08,443.22
Padova,152,24/07/2020,12,4169,0,316,0.08,444.5
Padova,153,25/07/2020,14,4183,0,316,0.08,445.99
Padova,154,26/07/2020,14,4197,0,316,0.07,447.49
Padova,155,27/07/2020,3,4200,0,316,0.07,447.81
Padova,156,28/07/2020,4,4204,1,317,0.07,448.23
Padova,157,29/07/2020,7,4211,0,317,0.07,448.98
Padova,158,30/07/2020,13,4224,0,317,0.07,450.36
Padova,159,31/07/2020,18,4242,0,317,0.07,452.28
Padova,160,01/08/2020,10,4252,1,318,0.07,453.35
Padova,161,02/08/2020,20,4272,0,318,0.07,455.48
Padova,162,03/08/2020,10,4282,0,318,0.07,456.55
Padova,163,04/08/2020,4,4286,0,318,0.07,456.97
Padova,164,05/08/2020,12,4298,0,318,0.07,458.25
Padova,165,06/08/2020,13,4311,0,318,0.07,459.64
Padova,166,07/08/2020,23,4334,0,318,0.07,462.09
Padova,167,08/08/2020,11,4345,1,319,0.07,463.27
Padova,168,09/08/2020,12,4357,0,319,0.07,464.54
Padova,169,10/08/2020,3,4360,0,319,0.07,464.86
Padova,170,11/08/2020,15,4375,2,321,0.07,466.46
Padova,171,12/08/2020,8,4383,0,321,0.07,467.32
Padova,172,13/08/2020,26,4409,0,321,0.07,470.09
Padova,173,14/08/2020,13,4422,0,321,0.07,471.47
Padova,174,15/08/2020,11,4433,1,322,0.07,472.65
Padova,175,16/08/2020,14,4447,0,322,0.07,474.14
Padova,176,17/08/2020,10,4457,0,322,0.07,475.21
Padova,177,18/08/2020,9,4466,0,322,0.07,476.17
Padova,178,19/08/2020,10,4476,0,322,0.07,477.23
Padova,179,20/08/2020,14,4490,0,322,0.07,478.72
Padova,180,21/08/2020,19,4509,1,323,0.07,480.75
Padova,181,22/08/2020,24,4533,1,324,0.07,483.31
Padova,182,23/08/2020,23,4556,0,324,0.07,485.76
Padova,183,24/08/2020,15,4571,0,324,0.07,487.36
Padova,184,25/08/2020,19,4590,0,324,0.07,489.39
Padova,185,26/08/2020,32,4622,0,324,0.07,492.8
Padova,186,27/08/2020,23,4645,0,324,0.07,495.25
Padova,187,28/08/2020,11,4656,0,324,0.07,496.42
Padova,188,29/08/2020,20,4676,0,324,0.07,498.56
Padova,189,30/08/2020,34,4710,0,324,0.07,502.18
Padova,190,31/08/2020,13,4723,0,324,0.07,503.57
Padova,191,01/09/2020,4,4727,0,324,0.07,503.99
Padova,192,02/09/2020,19,4746,0,324,0.07,506.02
Padova,193,03/09/2020,26,4772,0,324,0.07,508.79
Padova,194,04/09/2020,29,4801,0,324,0.07,511.88
Padova,195,05/09/2020,19,4820,0,324,0.07,513.91
Padova,196,06/09/2020,30,4850,0,324,0.07,517.11
Padova,197,07/09/2020,2,4852,0,324,0.07,517.32
Padova,198,08/09/2020,6,4858,0,324,0.07,517.96
Padova,199,09/09/2020,14,4872,0,324,0.07,519.45
Padova,200,10/09/2020,11,4883,0,324,0.07,520.63
Padova,201,11/09/2020,14,4897,2,326,0.07,522.12
Padova,202,12/09/2020,13,4910,1,327,0.07,523.51
Padova,203,13/09/2020,14,4924,0,327,0.07,525
Padova,204,14/09/2020,7,4931,1,328,0.07,525.74
Padova,205,15/09/2020,6,4937,0,328,0.07,526.38
Padova,206,16/09/2020,24,4961,0,328,0.07,528.94
Padova,207,17/09/2020,9,4970,0,328,0.07,529.9
Padova,208,18/09/2020,17,4987,1,329,0.07,531.72
Padova,209,19/09/2020,32,5019,0,329,0.07,535.13
Padova,210,20/09/2020,35,5054,0,329,0.06,538.86
Padova,211,21/09/2020,14,5068,0,329,0.06,540.35
Padova,212,22/09/2020,23,5091,1,330,0.06,542.8
Padova,213,23/09/2020,13,5104,0,330,0.06,544.19
Padova,214,24/09/2020,69,5173,0,330,0.06,551.55
Padova,215,25/09/2020,35,5208,0,330,0.06,555.28
Padova,216,26/09/2020,30,5238,0,330,0.06,558.48
Padova,217,27/09/2020,27,5265,0,330,0.06,561.36
Padova,218,28/09/2020,31,5296,0,330,0.06,564.66
Padova,219,29/09/2020,15,5311,0,330,0.06,566.26
Padova,220,30/09/2020,28,5339,1,331,0.06,569.25
Padova,221,01/10/2020,38,5377,1,332,0.06,573.3
Padova,222,02/10/2020,6,5383,0,332,0.06,573.94
Padova,223,03/10/2020,40,5423,1,333,0.06,578.2
Padova,224,04/10/2020,24,5447,0,333,0.06,580.76
Padova,225,05/10/2020,33,5480,0,333,0.06,584.28
Padova,226,06/10/2020,33,5513,0,333,0.06,587.8
Padova,227,07/10/2020,23,5536,0,333,0.06,590.25
Padova,228,08/10/2020,41,5577,2,335,0.06,594.62
Padova,229,09/10/2020,93,5670,0,335,0.06,604.54
Padova,230,10/10/2020,91,5761,0,335,0.06,614.24
Padova,231,11/10/2020,79,5840,0,335,0.06,622.66
Padova,232,12/10/2020,62,5902,0,335,0.06,629.27
Padova,233,13/10/2020,78,5980,0,335,0.06,637.59
Padova,234,14/10/2020,91,6071,0,335,0.06,647.29
Padova,235,15/10/2020,85,6156,8,343,0.06,656.35
Padova,236,16/10/2020,131,6287,0,343,0.06,670.32
Padova,237,17/10/2020,130,6417,6,349,0.05,684.18
Padova,238,18/10/2020,186,6603,0,349,0.05,704.01
Padova,239,19/10/2020,156,6759,0,349,0.05,720.65
Padova,240,20/10/2020,78,6837,0,349,0.05,728.96
Padova,241,21/10/2020,180,7017,1,350,0.05,748.15
Padova,242,22/10/2020,311,7328,0,350,0.05,781.31
Padova,243,23/10/2020,221,7549,0,350,0.05,804.88
Padova,244,24/10/2020,388,7937,0,350,0.04,846.25
Padova,245,25/10/2020,240,8177,0,350,0.04,871.83
Padova,246,26/10/2020,353,8530,0,350,0.04,909.47
Padova,247,27/10/2020,296,8826,2,352,0.04,941.03
Padova,248,28/10/2020,305,9131,2,354,0.04,973.55
Padova,249,29/10/2020,483,9614,4,358,0.04,1025.05
Padova,250,30/10/2020,624,10238,3,361,0.04,1091.58
Padova,251,31/10/2020,734,10972,1,362,0.03,1169.84
Padova,252,01/11/2020,541,11513,1,363,0.03,1227.52
Padova,253,02/11/2020,504,12017,0,363,0.03,1281.26
Padova,254,03/11/2020,380,12397,3,366,0.03,1321.77
Padova,255,04/11/2020,551,12948,1,367,0.03,1380.52
Padova,256,05/11/2020,546,13494,6,373,0.03,1438.73
Padova,257,06/11/2020,459,13953,190,563,0.04,1487.67
Padova,258,07/11/2020,627,14580,4,567,0.04,1554.52
Padova,259,08/11/2020,487,15067,2,569,0.04,1606.45
Padova,260,09/11/2020,543,15610,0,569,0.04,1664.34
Padova,261,10/11/2020,548,16158,5,574,0.04,1722.77
Padova,262,11/11/2020,514,16672,2,576,0.04,1777.57
Padova,263,12/11/2020,617,17289,7,583,0.03,1843.36
Padova,264,13/11/2020,668,17957,4,587,0.03,1914.58
Padova,265,14/11/2020,576,18533,6,593,0.03,1975.99
Padova,266,15/11/2020,479,19012,6,599,0.03,2027.06
Padova,267,16/11/2020,590,19602,6,605,0.03,2089.97
Padova,268,17/11/2020,495,20097,11,616,0.03,2142.75
Padova,269,18/11/2020,413,20510,8,624,0.03,2186.78
Padova,270,19/11/2020,773,21283,9,633,0.03,2269.2
Padova,271,20/11/2020,724,22007,7,640,0.03,2346.39
Padova,272,21/11/2020,704,22711,8,648,0.03,2421.45
Padova,273,22/11/2020,589,23300,1,649,0.03,2484.25
Padova,274,23/11/2020,587,23887,6,655,0.03,2546.84
Padova,275,24/11/2020,327,24214,7,662,0.03,2581.7
Padova,276,25/11/2020,566,24780,5,667,0.03,2642.05
Padova,277,26/11/2020,587,25367,5,672,0.03,2704.64
Padova,278,27/11/2020,705,26072,9,681,0.03,2779.8
Padova,279,28/11/2020,650,26722,11,692,0.03,2849.11
Padova,280,29/11/2020,521,27243,3,695,0.03,2904.66
Padova,281,30/11/2020,428,27671,5,700,0.03,2950.29
Padova,282,01/12/2020,398,28069,13,713,0.03,2992.72
Padova,283,02/12/2020,524,28593,4,717,0.03,3048.59
Padova,284,03/12/2020,688,29281,21,738,0.03,3121.95
Padova,285,04/12/2020,672,29953,10,748,0.03,3193.6
Padova,286,05/12/2020,588,30541,8,756,0.03,3256.29
Padova,287,06/12/2020,532,31073,5,761,0.02,3313.01
Padova,288,07/12/2020,413,31486,7,768,0.02,3357.05
Padova,289,08/12/2020,535,32021,23,791,0.03,3414.09
Padova,290,09/12/2020,451,32472,6,797,0.03,3462.17
Padova,291,10/12/2020,653,33125,19,816,0.03,3531.8
Padova,292,11/12/2020,613,33738,6,822,0.02,3597.15
Padova,293,12/12/2020,806,34544,13,835,0.02,3683.09
Padova,294,13/12/2020,540,35084,3,838,0.02,3740.67
Padova,295,14/12/2020,618,35702,7,845,0.02,3806.56
Padova,296,15/12/2020,541,36243,14,859,0.02,3864.24
Padova,297,16/12/2020,552,36795,17,876,0.02,3923.09
Padova,298,17/12/2020,702,37497,19,895,0.02,3997.94
Padova,299,18/12/2020,782,38279,14,909,0.02,4081.32
Padova,300,19/12/2020,701,38980,13,922,0.02,4156.06
Padova,301,20/12/2020,664,39644,6,928,0.02,4226.85
Padova,302,21/12/2020,612,40256,9,937,0.02,4292.11
Padova,303,22/12/2020,578,40834,15,952,0.02,4353.73
Padova,304,23/12/2020,531,41365,11,963,0.02,4410.35
Padova,305,24/12/2020,554,41919,12,975,0.02,4469.41
Padova,306,25/12/2020,794,42713,13,988,0.02,4554.07
Padova,307,26/12/2020,532,43245,11,999,0.02,4610.79
Padova,308,27/12/2020,618,43863,14,1013,0.02,4676.68
Padova,309,28/12/2020,639,44502,17,1030,0.02,4744.82
Padova,310,29/12/2020,569,45071,28,1058,0.02,4805.48
Padova,311,30/12/2020,516,45587,12,1070,0.02,4860.5
Padova,312,31/12/2020,787,46374,22,1092,0.02,4944.41
Padova,313,01/01/2021,412,46786,16,1108,0.02,4988.34
Padova,314,02/01/2021,535,47321,11,1119,0.02,5045.38
Padova,315,03/01/2021,789,48110,12,1131,0.02,5129.5
Padova,316,04/01/2021,245,48355,12,1143,0.02,5155.62
Padova,317,05/01/2021,938,49293,28,1171,0.02,5255.63
Padova,318,06/01/2021,484,49777,26,1197,0.02,5307.24
Padova,319,07/01/2021,497,50274,7,1204,0.02,5360.23
Padova,320,08/01/2021,852,51126,19,1223,0.02,5451.07
Padova,321,09/01/2021,538,51664,13,1236,0.02,5508.43
Padova,322,10/01/2021,305,51969,15,1251,0.02,5540.95
Padova,323,11/01/2021,514,52483,17,1268,0.02,5595.75
Padova,324,12/01/2021,355,52838,14,1282,0.02,5633.6
Padova,325,13/01/2021,352,53190,17,1299,0.02,5671.13
Padova,326,14/01/2021,463,53653,9,1308,0.02,5720.5
Padova,327,15/01/2021,276,53929,21,1329,0.03,5749.92
Padova,328,16/01/2021,366,54295,4,1333,0.03,5788.95
Padova,329,17/01/2021,335,54630,6,1339,0.03,5824.67
Padova,330,18/01/2021,174,54804,17,1356,0.03,5843.22
Padova,331,19/01/2021,96,54900,15,1371,0.03,5853.45
Padova,332,20/01/2021,241,55141,10,1381,0.03,5879.15
Padova,333,21/01/2021,267,55408,11,1392,0.03,5907.62
Padova,334,22/01/2021,277,55685,17,1409,0.03,5937.15
Padova,335,23/01/2021,197,55882,14,1423,0.03,5958.15
Padova,336,24/01/2021,233,56115,4,1427,0.03,5983
Padova,337,25/01/2021,114,56229,14,1441,0.03,5995.15
Padova,338,26/01/2021,113,56342,15,1456,0.03,6007.2
Padova,339,27/01/2021,504,56846,15,1471,0.03,6060.94
Padova,340,28/01/2021,124,56970,6,1477,0.03,6074.16
Padova,341,29/01/2021,125,57095,8,1485,0.03,6087.48
Padova,342,30/01/2021,145,57240,5,1490,0.03,6102.94
Padova,343,31/01/2021,86,57326,1,1491,0.03,6112.11
Padova,344,01/02/2021,140,57466,2,1493,0.03,6127.04
Padova,345,02/02/2021,124,57590,11,1504,0.03,6140.26
Padova,346,03/02/2021,134,57724,10,1514,0.03,6154.55
Padova,347,04/02/2021,159,57883,11,1525,0.03,6171.5
Padova,348,05/02/2021,177,58060,3,1528,0.03,6190.37
Padova,349,06/02/2021,188,58248,18,1546,0.03,6210.42
Padova,350,07/02/2021,160,58408,3,1549,0.03,6227.48
Padova,351,08/02/2021,107,58515,3,1552,0.03,6238.88
Padova,352,09/02/2021,149,58664,0,1552,0.03,6254.77
Padova,353,10/02/2021,190,58854,3,1555,0.03,6275.03
Padova,354,11/02/2021,157,59011,7,1562,0.03,6291.77
Padova,355,12/02/2021,145,59156,6,1568,0.03,6307.23
Padova,356,13/02/2021,152,59308,1,1569,0.03,6323.43
Padova,357,14/02/2021,103,59411,0,1569,0.03,6334.42
Padova,358,15/02/2021,96,59507,1,1570,0.03,6344.65
Padova,359,16/02/2021,102,59609,2,1572,0.03,6355.53
Padova,360,17/02/2021,97,59706,9,1581,0.03,6365.87
Padova,361,18/02/2021,267,59973,5,1586,0.03,6394.34
Padova,362,19/02/2021,190,60163,5,1591,0.03,6414.6
Padova,363,20/02/2021,308,60471,2,1593,0.03,6447.43
Padova,364,21/02/2021,168,60639,3,1596,0.03,6465.35
Padova,365,22/02/2021,194,60833,3,1599,0.03,6486.03
Padova,366,23/02/2021,226,61059,1,1600,0.03,6510.13
Padova,367,24/02/2021,229,61288,4,1604,0.03,6534.54
Padova,368,25/02/2021,299,61587,2,1606,0.03,6566.42
Padova,369,26/02/2021,323,61910,3,1609,0.03,6600.86
Padova,370,27/02/2021,295,62205,3,1612,0.03,6632.31
Padova,371,28/02/2021,170,62375,3,1615,0.03,6650.44
Padova,372,01/03/2021,192,62567,1,1616,0.03,6670.91
Padova,373,02/03/2021,288,62855,2,1618,0.03,6701.62
Padova,374,03/03/2021,278,63133,1,1619,0.03,6731.26
Padova,375,04/03/2021,383,63516,3,1622,0.03,6772.09
Padova,376,05/03/2021,349,63865,6,1628,0.03,6809.3
Padova,377,06/03/2021,317,64182,6,1634,0.03,6843.1
Padova,378,07/03/2021,241,64423,1,1635,0.03,6868.8
Padova,379,08/03/2021,93,64516,2,1637,0.03,6878.71
Padova,380,09/03/2021,364,64880,0,1637,0.03,6917.52
Padova,381,10/03/2021,263,65143,4,1641,0.03,6945.56
Padova,382,11/03/2021,338,65481,4,1645,0.03,6981.6
Padova,383,12/03/2021,392,65873,7,1652,0.03,7023.4
Padova,384,13/03/2021,735,66608,3,1655,0.03,7101.76
Padova,385,14/03/2021,291,66899,0,1655,0.03,7132.79
Padova,386,15/03/2021,212,67111,2,1657,0.03,7155.39
Padova,387,16/03/2021,427,67538,9,1666,0.03,7200.92
Padova,388,17/03/2021,389,67927,7,1673,0.03,7242.39
Padova,389,18/03/2021,311,68238,7,1680,0.03,7275.55
Padova,390,19/03/2021,423,68661,7,1687,0.03,7320.65
Padova,391,20/03/2021,408,69069,8,1695,0.03,7364.16
Padova,392,21/03/2021,405,69474,4,1699,0.02,7407.34
Padova,393,22/03/2021,250,69724,4,1703,0.02,7433.99
Padova,394,23/03/2021,407,70131,13,1716,0.02,7477.39
Padova,395,24/03/2021,455,70586,8,1724,0.02,7525.9
Padova,396,25/03/2021,374,70960,2,1726,0.02,7565.77
Padova,397,26/03/2021,426,71386,10,1736,0.02,7611.19
Padova,398,27/03/2021,361,71747,5,1741,0.02,7649.68
Padova,399,28/03/2021,255,72002,2,1743,0.02,7676.87
Padova,400,29/03/2021,190,72192,1,1744,0.02,7697.13
Padova,401,30/03/2021,215,72407,11,1755,0.02,7720.05
Padova,402,31/03/2021,431,72838,11,1766,0.02,7766.01
Padova,403,01/04/2021,304,73142,13,1779,0.02,7798.42
Padova,404,02/04/2021,394,73536,1,1780,0.02,7840.43
Padova,405,03/04/2021,455,73991,0,1780,0.02,7888.94
Padova,406,04/04/2021,387,74378,0,1780,0.02,7930.2
Padova,407,05/04/2021,188,74566,5,1785,0.02,7950.25
Padova,408,06/04/2021,122,74688,2,1787,0.02,7963.25
Padova,409,07/04/2021,172,74860,23,1810,0.02,7981.59
Padova,410,08/04/2021,343,75203,3,1813,0.02,8018.16
Padova,411,09/04/2021,227,75430,0,1813,0.02,8042.37
Padova,412,10/04/2021,218,75648,1,1814,0.02,8065.61
Padova,413,11/04/2021,179,75827,8,1822,0.02,8084.69
Padova,414,12/04/2021,192,76019,2,1824,0.02,8105.17
Padova,415,13/04/2021,159,76178,4,1828,0.02,8122.12
Padova,416,14/04/2021,218,76396,3,1831,0.02,8145.36
Padova,417,15/04/2021,232,76628,0,1831,0.02,8170.1
Padova,418,16/04/2021,158,76786,4,1835,0.02,8186.94
Padova,419,17/04/2021,157,76943,4,1839,0.02,8203.68
Padova,420,18/04/2021,89,77032,0,1839,0.02,8213.17
Padova,421,19/04/2021,130,77162,4,1843,0.02,8227.03
Padova,422,20/04/2021,195,77357,5,1848,0.02,8247.82
Padova,423,21/04/2021,228,77585,5,1853,0.02,8272.13
Padova,424,22/04/2021,242,77827,4,1857,0.02,8297.94
Padova,425,23/04/2021,250,78077,3,1860,0.02,8324.59
Padova,426,24/04/2021,227,78304,10,1870,0.02,8348.79
Padova,427,25/04/2021,154,78458,5,1875,0.02,8365.21
Padova,428,26/04/2021,174,78632,1,1876,0.02,8383.76
Padova,429,27/04/2021,129,78761,0,1876,0.02,8397.52
Padova,430,28/04/2021,202,78963,2,1878,0.02,8419.06
Padova,431,29/04/2021,229,79192,0,1878,0.02,8443.47
Padova,432,30/04/2021,147,79339,4,1882,0.02,8459.15
Padova,433,01/05/2021,155,79494,0,1882,0.02,8475.67
Padova,434,02/05/2021,74,79568,0,1882,0.02,8483.56
Padova,435,03/05/2021,106,79674,1,1883,0.02,8494.86
Padova,436,04/05/2021,88,79762,1,1884,0.02,8504.25
Padova,437,05/05/2021,139,79901,1,1885,0.02,8519.07
Padova,438,06/05/2021,155,80056,1,1886,0.02,8535.59
Padova,439,07/05/2021,94,80150,0,1886,0.02,8545.61
Padova,440,08/05/2021,93,80243,0,1886,0.02,8555.53
Padova,441,09/05/2021,105,80348,0,1886,0.02,8566.73
Padova,442,10/05/2021,57,80405,0,1886,0.02,8572.8
Padova,443,11/05/2021,52,80457,1,1887,0.02,8578.35
Padova,444,12/05/2021,70,80527,4,1891,0.02,8585.81
Padova,445,13/05/2021,90,80617,3,1894,0.02,8595.41
Padova,446,14/05/2021,92,80709,0,1894,0.02,8605.22
Padova,447,15/05/2021,53,80762,1492,3386,0.04,8610.87
Padova,448,16/05/2021,52,80814,0,3386,0.04,8616.41
Padova,449,17/05/2021,31,80845,0,3386,0.04,8619.72
Padova,450,18/05/2021,35,80880,0,3386,0.04,8623.45
Padova,451,19/05/2021,57,80937,0,3386,0.04,8629.52
Padova,452,20/05/2021,38,80975,2,3388,0.04,8633.58
Padova,453,21/05/2021,41,81016,0,3388,0.04,8637.95
Padova,454,22/05/2021,35,81051,0,3388,0.04,8641.68
Padova,455,23/05/2021,19,81070,0,3388,0.04,8643.7
Padova,456,24/05/2021,28,81098,2,3390,0.04,8646.69
Padova,457,25/05/2021,33,81131,1492,4882,0.06,8650.21
Padova,458,26/05/2021,41,81172,0,4882,0.06,8654.58
Padova,459,27/05/2021,42,81214,3,4885,0.06,8659.06
Padova,460,28/05/2021,33,81247,2,4887,0.06,8662.58
Padova,461,29/05/2021,27,81274,0,4887,0.06,8665.46
Padova,462,30/05/2021,36,81310,1,4888,0.06,8669.29
Padova,463,31/05/2021,14,81324,0,4888,0.06,8670.79
Padova,464,01/06/2021,20,81344,0,4888,0.06,8672.92
Padova,465,02/06/2021,20,81364,0,4888,0.06,8675.05
Padova,466,03/06/2021,14,81378,0,4888,0.06,8676.54
Padova,467,04/06/2021,12,81390,4,4892,0.06,8677.82
Padova,468,05/06/2021,21,81411,0,4892,0.06,8680.06
Padova,469,06/06/2021,11,81422,0,4892,0.06,8681.24
Padova,470,07/06/2021,17,81439,1,4893,0.06,8683.05
Padova,471,08/06/2021,9,81448,0,4893,0.06,8684.01
Padova,472,09/06/2021,31,81479,3,4893,0.06,8687.31
Padova,473,10/06/2021,12,81491,0,4893,0.06,8688.59
