Province,Day,Date,New_cases,Curr_pos_cases,Deaths,Tot_deaths,Lethality_rate,Cumul_rates
Terni,1,2020-02-24,0,0,0,0,0.0,0.0
Terni,2,2020-02-25,0,0,0,0,0.0,0.0
Terni,3,2020-02-26,0,0,0,0,0.0,0.0
Terni,4,2020-02-27,0,0,0,0,0.0,0.0
Terni,5,2020-02-28,0,0,0,0,0.0,0.0
Terni,6,2020-02-29,0,0,0,0,0.0,0.0
Terni,7,2020-03-01,0,0,0,0,0.0,0.0
Terni,8,2020-03-02,1,1,0,0,0.0,0.443197581913993
Terni,9,2020-03-03,0,1,0,0,0.0,0.443197581913993
Terni,10,2020-03-04,2,3,0,0,0.0,1.3295927457419798
Terni,11,2020-03-05,0,3,0,0,0.0,1.3295927457419798
Terni,12,2020-03-06,3,6,0,0,0.0,2.65918549148396
Terni,13,2020-03-07,3,9,0,0,0.0,3.98877823722594
Terni,14,2020-03-08,2,11,0,0,0.0,4.87517340105392
Terni,15,2020-03-09,5,16,0,0,0.0,7.09116131062389
Terni,16,2020-03-10,8,24,0,0,0.0,10.636741965935801
Terni,17,2020-03-11,-6,18,0,0,0.0,7.97755647445188
Terni,18,2020-03-12,7,25,0,0,0.0,11.0799395478498
Terni,19,2020-03-13,4,29,0,0,0.0,12.8527298755058
Terni,20,2020-03-14,0,29,0,0,0.0,12.8527298755058
Terni,21,2020-03-15,28,57,0,0,0.0,25.2622621690976
Terni,22,2020-03-16,3,60,0,0,0.0,26.5918549148396
Terni,23,2020-03-17,3,63,0,0,0.0,27.921447660581602
Terni,24,2020-03-18,11,74,1,1,0.0135135135135135,32.7966210616355
Terni,25,2020-03-19,10,84,0,1,0.0119047619047619,37.2285968807754
Terni,26,2020-03-20,13,97,1,2,0.0206185567010309,42.990165445657304
Terni,27,2020-03-21,18,115,1,3,0.0260869565217391,50.96772192010921
Terni,28,2020-03-22,13,128,2,5,0.0390625,56.729290484991104
Terni,29,2020-03-23,6,134,0,5,0.0373134328358209,59.38847597647511
Terni,30,2020-03-24,21,155,1,6,0.0387096774193548,68.6956251966689
Terni,31,2020-03-25,8,163,0,6,0.0368098159509202,72.24120585198091
Terni,32,2020-03-26,15,178,0,6,0.0337078651685393,78.88916958069079
Terni,33,2020-03-27,17,195,1,7,0.0358974358974359,86.42352847322859
Terni,34,2020-03-28,18,213,3,10,0.0469483568075117,94.40108494768049
Terni,35,2020-03-29,5,218,2,12,0.055045871559633,96.6170728572505
Terni,36,2020-03-30,8,226,0,12,0.0530973451327434,100.162653512562
Terni,37,2020-03-31,4,230,0,12,0.0521739130434783,101.93544384021799
Terni,38,2020-04-01,6,236,0,12,0.0508474576271186,104.59462933170201
Terni,39,2020-04-02,10,246,0,12,0.0487804878048781,109.026605150842
Terni,40,2020-04-03,11,257,1,13,0.0505836575875486,113.901778551896
Terni,41,2020-04-04,6,263,1,14,0.0532319391634981,116.56096404338
Terni,42,2020-04-05,12,275,1,15,0.0545454545454545,121.879335026348
Terni,43,2020-04-06,9,284,0,15,0.0528169014084507,125.868113263574
Terni,44,2020-04-07,4,288,2,17,0.0590277777777778,127.64090359122999
Terni,45,2020-04-08,15,303,0,17,0.0561056105610561,134.28886731993998
Terni,46,2020-04-09,2,305,0,17,0.0557377049180328,135.175262483768
Terni,47,2020-04-10,1,306,0,17,0.0555555555555556,135.618460065682
Terni,48,2020-04-11,4,310,0,17,0.0548387096774194,137.391250393338
Terni,49,2020-04-12,6,316,0,17,0.0537974683544304,140.050435884822
Terni,50,2020-04-13,1,317,0,17,0.0536277602523659,140.493633466736
Terni,51,2020-04-14,0,317,0,17,0.0536277602523659,140.493633466736
Terni,52,2020-04-15,0,317,1,18,0.056782334384858,140.493633466736
Terni,53,2020-04-16,1,318,0,18,0.0566037735849057,140.93683104865
Terni,54,2020-04-17,4,322,0,18,0.0559006211180124,142.709621376306
Terni,55,2020-04-18,3,325,0,18,0.0553846153846154,144.039214122048
Terni,56,2020-04-19,3,328,0,18,0.0548780487804878,145.36880686779
Terni,57,2020-04-20,0,328,0,18,0.0548780487804878,145.36880686779
Terni,58,2020-04-21,3,331,0,18,0.054380664652568,146.69839961353202
Terni,59,2020-04-22,0,331,0,18,0.054380664652568,146.69839961353202
Terni,60,2020-04-23,3,334,0,18,0.0538922155688623,148.027992359274
Terni,61,2020-04-24,0,334,1,19,0.0568862275449102,148.027992359274
Terni,62,2020-04-25,0,334,1,20,0.0598802395209581,148.027992359274
Terni,63,2020-04-26,0,334,0,20,0.0598802395209581,148.027992359274
Terni,64,2020-04-27,0,334,0,20,0.0598802395209581,148.027992359274
Terni,65,2020-04-28,7,341,0,20,0.0586510263929619,151.130375432672
Terni,66,2020-04-29,8,349,0,20,0.0573065902578797,154.67595608798402
Terni,67,2020-04-30,0,349,1,21,0.0601719197707736,154.67595608798402
Terni,68,2020-05-01,0,349,0,21,0.0601719197707736,154.67595608798402
Terni,69,2020-05-02,1,350,0,21,0.06,155.119153669898
Terni,70,2020-05-03,0,350,0,21,0.06,155.119153669898
Terni,71,2020-05-04,0,350,2,23,0.0657142857142857,155.119153669898
Terni,72,2020-05-05,7,357,0,23,0.0644257703081232,158.22153674329599
Terni,73,2020-05-06,2,359,0,23,0.064066852367688,159.107931907124
Terni,74,2020-05-07,0,359,0,23,0.064066852367688,159.107931907124
Terni,75,2020-05-08,2,361,1,24,0.0664819944598338,159.99432707095102
Terni,76,2020-05-09,1,362,0,24,0.0662983425414365,160.437524652866
Terni,77,2020-05-10,2,364,0,24,0.0659340659340659,161.323919816693
Terni,78,2020-05-11,1,365,0,24,0.0657534246575342,161.767117398607
Terni,79,2020-05-12,3,368,0,24,0.0652173913043478,163.096710144349
Terni,80,2020-05-13,0,368,1,25,0.0679347826086956,163.096710144349
Terni,81,2020-05-14,1,369,1,26,0.0704607046070461,163.539907726263
Terni,82,2020-05-15,1,370,0,26,0.0702702702702703,163.983105308177
Terni,83,2020-05-16,0,370,0,26,0.0702702702702703,163.983105308177
Terni,84,2020-05-17,0,370,0,26,0.0702702702702703,163.983105308177
Terni,85,2020-05-18,0,370,0,26,0.0702702702702703,163.983105308177
Terni,86,2020-05-19,0,370,0,26,0.0702702702702703,163.983105308177
Terni,87,2020-05-20,0,370,0,26,0.0702702702702703,163.983105308177
Terni,88,2020-05-21,2,372,0,26,0.0698924731182796,164.869500472005
Terni,89,2020-05-22,0,372,0,26,0.0698924731182796,164.869500472005
Terni,90,2020-05-23,0,372,0,26,0.0698924731182796,164.869500472005
Terni,91,2020-05-24,0,372,0,26,0.0698924731182796,164.869500472005
Terni,92,2020-05-25,0,372,0,26,0.0698924731182796,164.869500472005
Terni,93,2020-05-26,0,372,0,26,0.0698924731182796,164.869500472005
Terni,94,2020-05-27,0,372,0,26,0.0698924731182796,164.869500472005
Terni,95,2020-05-28,0,372,0,26,0.0698924731182796,164.869500472005
Terni,96,2020-05-29,0,372,1,27,0.0725806451612903,164.869500472005
Terni,97,2020-05-30,0,372,0,27,0.0725806451612903,164.869500472005
Terni,98,2020-05-31,0,372,0,27,0.0725806451612903,164.869500472005
Terni,99,2020-06-01,0,372,0,27,0.0725806451612903,164.869500472005
Terni,100,2020-06-02,0,372,0,27,0.0725806451612903,164.869500472005
Terni,101,2020-06-03,0,372,0,27,0.07258064516129033,164.86950047200546
Terni,102,2020-06-04,0,372,0,27,0.07258064516129033,164.86950047200546
Terni,103,2020-06-05,0,372,0,27,0.07258064516129033,164.86950047200546
Terni,104,2020-06-06,0,372,0,27,0.07258064516129033,164.86950047200546
Terni,105,2020-06-07,1,373,0,27,0.07238605898123325,165.3126980539194
Terni,106,2020-06-08,0,373,0,27,0.07238605898123325,165.3126980539194
Terni,107,2020-06-09,1,374,0,27,0.07219251336898395,165.75589563583338
Terni,108,2020-06-10,1,375,0,27,0.07200000000000001,166.1990932177474
Terni,109,2020-06-11,0,375,0,27,0.07200000000000001,166.1990932177474
Terni,110,2020-06-12,0,375,0,27,0.07200000000000001,166.1990932177474
Terni,111,2020-06-13,0,375,0,27,0.07200000000000001,166.1990932177474
Terni,112,2020-06-14,0,375,1,28,0.07466666666666667,166.1990932177474
Terni,113,2020-06-15,0,375,0,28,0.07466666666666667,166.1990932177474
Terni,114,2020-06-16,0,375,0,28,0.07466666666666667,166.1990932177474
